0.80073 0.78052
0.80258 0.79017
0.80445 0.78106
0.80632 0.79546
0.80820 0.78511
0.81009 0.78336
0.81199 0.78075
0.81389 0.78915
0.81581 0.77230
0.81773 0.79071
0.81966 0.78884
0.82160 0.79458
0.82355 0.78478
0.82551 0.79648
0.82747 0.79579
0.82945 0.80503
0.83143 0.79585
0.83342 0.80000
0.83542 0.78953
0.83743 0.79303
0.83945 0.78654
0.84147 0.79092
0.84351 0.80452
0.84555 0.79843
0.84760 0.79800
0.84966 0.80341
0.85173 0.79611
0.85381 0.79796
0.85589 0.79896
0.85798 0.80193
0.86009 0.79065
0.86220 0.78824
0.86432 0.79701
0.86645 0.79752
0.86858 0.79361
0.87073 0.78561
0.87288 0.78886
0.87504 0.78774
0.87721 0.78146
0.87939 0.78328
0.88158 0.79301
0.88377 0.79321
0.88598 0.78646
0.88819 0.79668
0.89041 0.78841
0.89263 0.79079
0.89487 0.78776
0.89712 0.79349
0.89937 0.78869
0.90163 0.78977
0.90390 0.78665
0.90617 0.78836
0.90846 0.78929
0.91075 0.78717
0.91305 0.78958
0.91536 0.78449
0.91768 0.78708
0.92000 0.79222
0.92234 0.78677
0.92468 0.78875
0.92702 0.78634
0.92938 0.78289
0.93174 0.78064
0.93411 0.78869
0.93649 0.77759
0.93888 0.77777
0.94127 0.76325
0.94367 0.76943
0.94608 0.77455
0.94849 0.77414
0.95091 0.77167
0.95334 0.77503
0.95578 0.77750
0.95822 0.77196
0.96068 0.77863
0.96313 0.78485
0.96560 0.78053
0.96807 0.78229
0.97055 0.78384
0.97303 0.78310
0.97553 0.79132
0.97803 0.78758
0.98053 0.78919
0.98304 0.78675
0.98556 0.79230
0.98809 0.78770
0.99062 0.78774
0.99316 0.79228
0.99570 0.79718
0.99825 0.79144
1.00081 0.79688
1.00337 0.79203
1.00594 0.79034
1.00852 0.79349
1.01110 0.79474
1.01369 0.78816
1.01628 0.79367
1.01888 0.79709
1.02149 0.79329
1.02410 0.79515
1.02671 0.79213
1.02934 0.79729
1.03196 0.79674
1.03459 0.79453
1.03723 0.79773
1.03988 0.80279
1.04253 0.79359
1.04518 0.79224
1.04784 0.79559
1.05050 0.79969
1.05317 0.79177
1.05585 0.79584
1.05853 0.79415
1.06121 0.79482
1.06390 0.79496
1.06659 0.79731
1.06929 0.79289
1.07200 0.79777
1.07470 0.79295
1.07742 0.79320
1.08013 0.79646
1.08285 0.79296
1.08558 0.80580
1.08831 0.79919
1.09104 0.79862
1.09378 0.79854
1.09652 0.79418
1.09927 0.79327
1.10202 0.79263
1.10477 0.79598
1.10753 0.79296
1.11029 0.79526
1.11305 0.78452
1.11582 0.78877
1.11859 0.78864
1.12137 0.78643
1.12415 0.78176
1.12693 0.77288
1.12972 0.77665
1.13251 0.76872
1.13530 0.77768
1.13809 0.77636
1.14089 0.77635
1.14369 0.77646
1.14650 0.78209
1.14930 0.78276
1.15211 0.78522
1.15493 0.78099
1.15774 0.78655
1.16056 0.79035
1.16338 0.79487
1.16620 0.79438
1.16903 0.79672
1.17186 0.79706
1.17469 0.80742
1.17752 0.79826
1.18036 0.79325
1.18319 0.79886
1.18603 0.79544
1.18887 0.80137
1.19172 0.80633
1.19456 0.80849
1.19741 0.80733
1.20026 0.81020
1.20311 0.80387
1.20596 0.79753
1.20881 0.80869
1.21167 0.80304
1.21453 0.80162
1.21738 0.80282
1.22025 0.80526
1.22311 0.81601
1.22597 0.80974
1.22883 0.80981
1.23170 0.81224
1.23456 0.81852
1.23743 0.81276
1.24030 0.81788
1.24317 0.81299
1.24604 0.81656
1.24891 0.81448
1.25178 0.81772
1.25466 0.81897
1.25753 0.81871
1.26040 0.82994
1.26328 0.81920
1.26615 0.82506
1.26903 0.82796
1.27191 0.82528
1.27478 0.82505
1.27766 0.81802
1.28054 0.81949
1.28341 0.83146
1.28629 0.82167
1.28917 0.82478
1.29205 0.82497
1.29493 0.82288
1.29781 0.82358
1.30068 0.82287
1.30356 0.82160
1.30644 0.82219
1.30932 0.81634
1.31220 0.82749
1.31507 0.82102
1.31795 0.82185
1.32083 0.82128
1.32370 0.81325
1.32658 0.81968
1.32945 0.82047
1.33233 0.81827
1.33520 0.82798
1.33808 0.81193
1.34095 0.81665
1.34382 0.80646
1.34669 0.81365
1.34956 0.81291
1.35244 0.80425
1.35530 0.79100
1.35817 0.77618
1.36104 0.75569
1.36391 0.72193
1.36677 0.71673
1.36964 0.69218
1.37536 0.69446
1.37822 0.70694
1.38108 0.71206
1.38394 0.72231
1.38680 0.72632
1.38966 0.72214
1.39251 0.71728
1.39536 0.72709
1.39821 0.73786
1.40107 0.73961
1.40391 0.75144
1.40676 0.75189
1.40961 0.75476
1.41245 0.75841
1.41529 0.76517
1.41813 0.76821
1.42098 0.78822
1.42381 0.78482
1.42665 0.79285
1.42948 0.79548
1.43232 0.79755
1.43515 0.80555
1.43798 0.80760
1.44080 0.80388
1.44363 0.80394
1.44645 0.80741
1.44927 0.81263
1.45209 0.81610
1.45491 0.81784
1.45772 0.82119
1.46053 0.82263
1.46335 0.83183
1.46616 0.82420
1.46896 0.83360
1.47177 0.83511
1.47457 0.83198
1.47737 0.83075
1.48017 0.82694
1.48296 0.83857
1.48575 0.83782
1.48855 0.84173
1.49134 0.84443
1.49412 0.85154
1.49690 0.85580
1.49969 0.84801
1.50247 0.86097
1.50524 0.85589
1.50802 0.85927
1.51079 0.86063
1.51356 0.86664
1.51633 0.86105
1.51909 0.86519
1.52185 0.86248
1.52461 0.86856
1.52737 0.86792
1.53012 0.86962
1.53287 0.86940
1.53562 0.86935
1.53837 0.87393
1.54111 0.86714
1.54385 0.86882
1.54659 0.87520
1.54933 0.87429
1.55206 0.87409
1.55479 0.87559
1.55752 0.87440
1.56025 0.88209
1.56297 0.87118
1.56569 0.87514
1.56840 0.87877
1.57112 0.88013
1.57383 0.88194
1.57654 0.88134
1.57924 0.89052
1.58194 0.88093
1.58464 0.88164
1.58734 0.88653
1.59004 0.88836
1.59273 0.88515
1.59542 0.88144
1.59810 0.88923
1.60078 0.88418
1.60346 0.88740
1.60614 0.89191
1.60881 0.89600
1.61149 0.89412
1.61415 0.89662
1.61682 0.89671
1.61948 0.87734
1.62214 0.88617
1.62480 0.89629
1.62745 0.88734
1.63010 0.89090
1.63275 0.89040
1.63539 0.89398
1.63803 0.88893
1.64067 0.90126
1.64331 0.90105
1.64594 0.90099
1.64857 0.89246
1.65120 0.89639
1.65382 0.89074
1.65644 0.89375
1.65906 0.88960
1.66168 0.89149
1.66429 0.89755
1.66690 0.90293
1.66951 0.89270
1.67211 0.89888
1.67471 0.89945
1.67731 0.90411
1.67990 0.90229
1.68249 0.90915
1.68508 0.89741
1.68767 0.89832
1.69025 0.89747
1.69283 0.90678
1.69541 0.90127
1.69798 0.90938
1.70055 0.89966
1.70312 0.90013
1.70568 0.90221
1.70825 0.90313
1.71080 0.89542
1.71336 0.89707
1.71591 0.90568
1.71846 0.90453
1.72101 0.90044
1.72356 0.90512
1.72610 0.90126
1.72864 0.91744
1.73117 0.90627
1.73370 0.91793
1.73623 0.91233
1.73876 0.90747
1.74128 0.90678
1.74381 0.90814
1.74632 0.90631
1.74884 0.91078
1.75135 0.91041
1.75386 0.91448
1.75637 0.92731
1.75887 0.91131
1.76137 0.91025
1.76387 0.91645
1.76637 0.90698
1.76886 0.91442
1.77135 0.91378
1.77384 0.91551
1.77632 0.92174
1.77880 0.91478
1.78128 0.89924
1.78376 0.90539
1.78623 0.90581
1.78870 0.90655
1.79117 0.91396
1.79364 0.90198
1.79610 0.92067
1.79856 0.90582
1.80102 0.90366
1.80347 0.88659
1.80592 0.89224
1.80837 0.88784
1.81082 0.87872
1.81326 0.88077
1.81570 0.87887
1.81814 0.88047
1.82057 0.86914
1.82301 0.85775
1.82544 0.84219
1.82787 0.84219
1.83029 0.82270
1.83271 0.83044
1.83513 0.83054
1.83755 0.80258
1.84238 0.78565
1.84479 0.77608
1.85200 0.77341
1.85440 0.79721
1.85680 0.78193
1.85919 0.79780
1.86397 0.77052
1.86636 0.80084
1.86874 0.80541
1.87113 0.81371
1.87350 0.82404
1.87588 0.77561
1.88300 0.77621
1.88537 0.80402
1.88773 0.83256
1.89010 0.82942
1.89246 0.83045
1.89481 0.84017
1.89717 0.82321
1.89952 0.82282
1.90187 0.83479
1.90422 0.82037
1.90657 0.80851
1.90891 0.80604
1.91125 0.80959
1.91359 0.80628
1.91593 0.83984
1.91827 0.84642
1.92060 0.83777
1.92293 0.84757
1.92526 0.85068
1.92758 0.87164
1.92991 0.85928
1.93223 0.88604
1.93455 0.87656
1.93687 0.88159
1.93918 0.88839
1.94149 0.90622
1.94380 0.91345
1.94611 0.90083
1.94842 0.91286
1.95072 0.94092
1.95302 0.93251
1.95532 0.93323
1.95762 0.94113
1.95992 0.94819
1.96221 0.92957
1.96450 0.92525
1.96679 0.93134
1.96908 0.93549
1.97136 0.93351
1.97365 0.93360
1.97593 0.94114
1.97820 0.93677
1.98048 0.93432
1.98276 0.94366
1.98503 0.95381
1.98730 0.95383
1.98957 0.95784
1.99183 0.96996
1.99410 0.97237
1.99636 0.97813
1.99862 0.99205
2.00088 1.00950
2.00314 1.02750
2.00539 1.02010
2.00764 0.97533
2.00989 0.96503
2.01214 0.96113
2.01439 0.96788
2.01663 0.97090
2.01887 0.96194
2.02111 0.94445
2.02335 0.95489
2.02559 0.95524
2.02782 0.95964
2.03006 0.96384
2.03229 0.96044
2.03451 0.96057
2.03674 0.96915
2.03897 0.97192
2.04119 0.97601
2.04341 0.97913
2.04563 0.97071
2.04785 0.98259
2.05006 0.99032
2.05227 0.99653
2.05448 0.99638
2.05669 0.99494
2.05890 0.98054
2.06110 0.96779
2.06331 0.97268
2.06551 0.98923
2.06771 0.97207
2.06991 0.96966
2.07210 0.96729
2.07430 0.96581
2.07649 0.96811
2.07868 0.97726
2.08087 0.97287
2.08305 0.96989
2.08524 0.97755
2.08742 0.98151
2.08960 0.97701
2.09178 0.96486
2.09395 0.96984
2.09613 0.97173
2.09830 0.96878
2.10047 0.95620
2.10264 0.96694
2.10480 0.97822
2.10697 0.90709
2.10913 0.97914
2.11129 0.97101
2.11345 0.96643
2.11561 0.96390
2.11776 0.96617
2.11992 0.97279
2.12207 0.97936
2.12422 0.97723
2.12636 0.98002
2.12851 0.97506
2.13065 0.98694
2.13279 0.97755
2.13493 0.98683
2.13707 0.97928
2.13921 0.98096
2.14134 0.97927
2.14347 0.98470
2.14560 0.98531
2.14773 0.99647
2.14985 0.99186
2.15198 0.99064
2.15410 0.98214
2.15622 0.99280
2.15833 0.99384
2.16045 0.98656
2.16256 0.98114
2.16467 0.99497
2.16678 0.99678
2.16889 0.98430
2.17100 0.98559
2.17310 0.99484
2.17520 0.98838
2.17730 0.99092
2.17939 0.98580
2.18149 0.99849
2.18358 0.99341
2.18567 0.99064
2.18776 0.99383
2.18985 1.00750
2.19193 1.00280
2.19401 1.00510
2.19609 0.99300
2.19817 0.98820
2.20025 1.00000
2.20232 0.99235
2.20439 1.00050
2.20646 0.98118
2.20853 0.99671
2.21059 0.99617
2.21266 0.99856
2.21472 1.00110
2.21678 0.98222
2.21883 0.99180
2.22088 0.99260
2.22294 0.99752
2.22499 1.01120
2.22703 1.02490
2.22908 1.01530
2.23112 0.99860
2.23316 0.98401
2.23520 0.98392
2.23724 0.99774
2.23927 0.99985
2.24130 1.00330
2.24333 1.00360
2.24536 1.00310
2.24738 0.99294
2.24941 0.99681
2.25143 1.00980
2.25345 1.00960
2.25546 0.99999
2.25747 1.00250
2.25949 1.00280
2.26149 1.00260
2.26350 0.98864
2.26550 1.00640
2.26751 1.00190
2.26951 1.00760
2.27150 1.02560
2.27350 1.01460
2.27549 1.00910
2.27748 0.99410
2.27947 1.01410
2.28145 1.01880
2.28343 1.02050
2.28541 1.01700
2.28739 1.01360
2.28937 1.02060
2.29134 1.00910
2.29331 1.02720
2.29528 1.02500
2.29725 1.02850
2.29921 1.02180
2.30117 1.00930
2.30313 1.01710
2.30509 1.00670
2.30704 1.01480
2.30899 1.01730
2.31094 1.01280
2.31289 0.99980
2.31483 1.01750
2.31677 1.02320
2.31871 1.01890
2.32065 1.01900
2.32258 1.01220
2.32452 1.02040
2.32645 1.01960
2.32837 1.02330
2.33030 1.03330
2.33222 1.01700
2.33414 1.00680
2.33606 1.04100
2.33797 1.01400
2.33989 1.01300
2.34180 1.01830
2.34371 1.03250
2.34561 1.03170
2.34752 1.02210
2.34942 1.02900
2.35131 1.03340
2.35321 1.02330
2.35511 1.01990
2.35700 1.01640
2.35888 1.02760
2.36077 1.02030
2.36266 1.03600
2.36454 1.03150
2.36642 1.01660
2.36830 1.04200
2.37017 1.04590
2.37205 1.02580
2.37392 1.03500
2.37579 1.01640
2.37765 1.01870
2.37952 1.02320
2.38138 1.00190
2.38324 1.03910
2.38510 1.02110
2.38695 1.04270
2.38881 1.02820
2.39066 1.03740
2.39251 1.01010
2.39436 1.03570
2.39620 1.02550
2.39804 1.03910
2.39988 1.03910
2.42002 1.02860
2.45794 1.03230
2.49556 1.02950
2.91815 1.06600
2.93444 1.00470
2.94982 0.97955
2.96427 0.99798
2.98503 1.08670
3.00037 1.08370
3.01614 1.04990
3.03460 1.08230
3.05844 1.08530
3.07327 1.04990
3.09348 1.08140
3.11726 1.16770
3.13116 1.10580
3.14595 1.16140
3.16029 1.14430
3.17283 1.22060
3.18670 1.21140
3.21802 1.16260
3.23992 1.20150
3.25780 1.19710
3.28550 1.28950
3.30068 1.23980
3.32791 1.29450
3.34487 1.35000
3.36317 1.43840
3.38338 1.37300
3.40101 1.46680
3.42027 1.56910
3.43784 1.53370
3.45430 1.60750
3.47182 1.65730
3.48386 1.73070
3.49861 1.84600
3.51390 1.75950
3.53134 1.84730
3.54768 1.89030
3.56291 1.99670
3.57650 2.05690
3.59116 2.09850
3.60797 2.15290
3.62314 2.28370
3.63614 2.24200
3.65128 2.25900
3.66534 2.29370
3.67938 2.60630
3.69288 2.50200
3.70744 2.50630
3.72200 2.63170
3.73547 2.83630
3.74839 2.71520
3.76185 2.95840
3.77314 2.86610
3.78658 2.88430
3.79841 3.19860
3.81076 3.17410
3.82258 3.39890
3.83439 3.39620
3.84727 3.65270
3.85907 3.66750
3.87302 3.83620
3.88910 4.00880
3.90090 4.05900
3.91537 4.31100
3.92769 4.30370
3.94055 4.41000
3.95448 4.60290
3.96733 4.64450
3.97912 4.84920
