0.75124 0.94480
0.75289 0.92485
0.75453 0.92774
0.75619 0.91276
0.75785 0.91008
0.75952 0.91768
0.76119 0.94342
0.76288 0.94481
0.76457 0.98013
0.76626 0.98152
0.76797 0.95799
0.76968 0.96913
0.77140 0.95345
0.77312 0.96869
0.77486 0.95330
0.77660 0.96100
0.77835 0.94136
0.78010 0.94891
0.78187 0.94814
0.78364 0.93632
0.78542 0.92774
0.78721 0.92004
0.78900 0.91472
0.79081 0.91582
0.79262 0.90684
0.79444 0.89622
0.79627 0.89819
0.79810 0.88902
0.79995 0.88279
0.80180 0.90490
0.80366 0.90642
0.80553 0.91769
0.80741 0.92127
0.80929 0.93579
0.81119 0.93485
0.81309 0.93085
0.81500 0.92278
0.81692 0.91958
0.81885 0.90960
0.82078 0.90668
0.82273 0.89410
0.82468 0.89236
0.82664 0.88695
0.82862 0.88488
0.83059 0.88520
0.83258 0.88439
0.83458 0.87854
0.83658 0.87683
0.83860 0.87450
0.84062 0.87144
0.84265 0.86772
0.84469 0.85768
0.84674 0.85717
0.84879 0.86177
0.85086 0.86073
0.85293 0.86722
0.85501 0.86184
0.85710 0.86643
0.85920 0.87822
0.86131 0.87940
0.86342 0.87507
0.86555 0.88281
0.86768 0.90095
0.86982 0.90796
0.87197 0.89895
0.87413 0.90529
0.87630 0.91238
0.87847 0.91701
0.88065 0.93196
0.88285 0.93638
0.88505 0.91518
0.88725 0.90165
0.88947 0.90469
0.89170 0.91781
0.89393 0.93677
0.89617 0.92376
0.89842 0.91236
0.90068 0.91814
0.90294 0.91785
0.90522 0.91783
0.90750 0.91951
0.90979 0.91786
0.91208 0.91130
0.91439 0.91873
0.91670 0.94138
0.91902 0.95206
0.92135 0.95298
0.92369 0.95094
0.92603 0.95188
0.92839 0.94967
0.93075 0.94272
0.93311 0.92036
0.93549 0.89271
0.93787 0.89486
0.94026 0.89495
0.94266 0.90276
0.94506 0.93138
0.94747 0.95167
0.94989 0.96492
0.95232 0.98315
0.95475 0.99493
0.95719 1.00057
0.95964 1.01126
0.96210 1.00725
0.96456 0.99327
0.96703 0.97568
0.96950 0.96226
0.97199 0.95419
0.97448 0.95470
0.97697 0.94432
0.97948 0.94066
0.98199 0.93206
0.98450 0.92660
0.98702 0.92141
0.98955 0.91695
0.99209 0.91568
0.99463 0.93184
0.99718 0.96446
0.99973 0.97177
1.00229 0.98244
1.00486 0.98674
1.00743 0.99416
1.01001 0.99905
1.01260 0.99938
1.01519 0.97622
1.01779 0.96638
1.02039 0.95731
1.02300 0.96007
1.02561 0.96026
1.02823 0.96405
1.03085 0.96667
1.03349 0.96513
1.03612 0.97033
1.03876 0.97747
1.04141 0.99226
1.04406 0.99410
1.04672 0.99447
1.04938 1.00237
1.05205 0.99419
1.05472 0.99662
1.05740 0.98920
1.06008 0.98600
1.06277 0.98276
1.06546 0.97270
1.06815 0.96619
1.07086 0.95673
1.07356 0.94044
1.07627 0.93702
1.07899 0.93206
1.08171 0.93859
1.08443 0.95226
1.08716 0.97628
1.08989 0.99303
1.09262 1.00205
1.09536 1.00039
1.09811 1.01047
1.10086 1.00852
1.10361 0.98138
1.10637 0.95676
1.10912 0.95115
1.11189 0.94657
1.11465 0.95485
1.11743 0.95880
1.12020 0.96831
1.12298 0.97534
1.12576 0.98273
1.12854 0.98706
1.13133 0.99632
1.13412 1.00486
1.13691 1.00092
1.13971 1.00310
1.14251 1.00082
1.14531 1.00316
1.14812 0.99445
1.15093 1.00441
1.15374 1.00508
1.15656 1.00795
1.15937 1.00522
1.16219 1.00502
1.16501 0.99739
1.16784 0.99887
1.17067 0.99734
1.17350 0.99865
1.17633 0.99248
1.17916 0.99334
1.18200 0.99345
1.18484 0.99921
1.18768 0.99845
1.19052 1.00299
1.19336 1.00532
1.19621 1.00682
1.19906 1.00132
1.20191 0.99731
1.20476 0.99963
1.20761 0.99973
1.21047 1.00736
1.21332 1.00382
1.21618 1.00175
1.21904 1.00037
1.22190 1.00847
1.22476 1.01331
1.22763 1.01590
1.23049 1.01863
1.23336 1.03179
1.23622 1.02932
1.23909 1.03145
1.24196 1.02323
1.24483 1.02723
1.24770 1.01631
1.25057 1.00664
1.25345 0.99421
1.25632 0.98630
1.25919 0.98026
1.26207 0.97152
1.26494 0.96775
1.26782 0.96906
1.27069 0.97951
1.27357 1.01108
1.27645 1.03577
1.27932 1.04540
1.28220 1.04860
1.28508 1.05656
1.28796 1.06064
1.29084 1.04740
1.29371 1.01959
1.29659 1.02013
1.29947 1.00859
1.30235 1.01325
1.30523 1.01327
1.30811 1.01630
1.31098 1.01570
1.31386 1.02365
1.31674 1.02069
1.31961 1.02586
1.32249 1.02313
1.32537 1.02242
1.32824 1.02127
1.33112 1.02000
1.33399 1.02429
1.33687 1.01057
1.33974 0.99746
1.34261 0.98394
1.34548 0.96547
1.34836 0.94594
1.35123 0.92944
1.35410 0.93762
1.35696 0.94628
1.35983 0.97486
1.36270 1.02762
1.36557 1.06707
1.36843 1.06751
1.37129 1.06521
1.37416 1.07211
1.37702 1.07090
1.37988 1.07367
1.38274 1.05756
1.38560 1.06496
1.38845 1.07069
1.39131 1.07577
1.39416 1.07329
1.39701 1.06084
1.39986 1.06023
1.40271 1.07698
1.40556 1.08454
1.40841 1.07569
1.41125 1.08158
1.41410 1.06706
1.41694 1.06229
1.41978 1.05175
1.42262 1.04517
1.42545 1.03871
1.42829 1.03760
1.43112 1.03080
1.43395 1.03002
1.43678 1.04182
1.43961 1.04084
1.44244 1.04861
1.44526 1.04676
1.44808 1.05186
1.45090 1.04389
1.45372 1.04229
1.45654 1.03580
1.45935 1.02762
1.46216 1.01425
1.46497 1.01752
1.46778 1.02530
1.47058 1.02290
1.47339 1.03346
1.47619 1.03589
1.47899 1.03866
1.48178 1.03795
1.48458 1.03608
1.48737 1.03959
1.49016 1.03311
1.49295 1.03801
1.49573 1.03873
1.49852 1.03342
1.50130 1.02973
1.50407 1.03297
1.50685 1.04015
1.50962 1.03186
1.51239 1.03608
1.51516 1.03553
1.51793 1.03689
1.52069 1.02362
1.52345 1.02757
1.52621 1.02649
1.52896 1.03424
1.53172 1.02938
1.53447 1.02862
1.53721 1.02898
1.53996 1.02538
1.54270 1.02631
1.54544 1.02885
1.54818 1.02079
1.55091 1.02953
1.55364 1.02756
1.55637 1.02777
1.55910 1.02427
1.56182 1.02626
1.56454 1.02865
1.56726 1.02516
1.56997 1.02133
1.57269 1.01519
1.57540 1.02181
1.57810 1.02421
1.58081 1.03102
1.58351 1.03700
1.58621 1.04007
1.58890 1.02764
1.59159 1.03523
1.59428 1.02844
1.59697 1.02290
1.59965 1.01942
1.60233 1.02669
1.60501 1.04147
1.60769 1.04238
1.61036 1.04727
1.61303 1.04126
1.61570 1.03686
1.61836 1.02481
1.62102 1.01434
1.62368 1.00056
1.62633 0.99608
1.62898 1.00931
1.63163 1.02344
1.63428 1.04634
1.63692 1.06428
1.63956 1.07391
1.64220 1.07158
1.64483 1.07446
1.64747 1.06916
1.65009 1.04342
1.65272 1.02366
1.65534 0.99959
1.65796 0.98648
1.66058 0.97648
1.66319 0.97679
1.66580 0.97689
1.66841 0.97707
1.67101 1.00047
1.67361 1.03529
1.67621 1.04964
1.67881 1.06809
1.68140 1.08646
1.68399 1.08869
1.68658 1.10392
1.68916 1.08651
1.69174 1.07594
1.69432 1.05227
1.69690 1.04374
1.69947 1.03326
1.70204 1.02592
1.70460 1.01984
1.70717 1.01620
1.70973 1.00067
1.71228 0.98614
1.71484 0.98604
1.71739 0.97936
1.71994 0.98919
1.72248 0.98194
1.72503 0.98808
1.72757 1.01282
1.73010 1.03346
1.73264 1.04995
1.73517 1.06451
1.73770 1.07053
1.74022 1.07287
1.74274 1.07135
1.74526 1.06368
1.74778 1.04512
1.75029 1.04744
1.75281 1.03824
1.75531 1.04542
1.75782 1.04936
1.76032 1.04441
1.76282 1.05110
1.76532 1.04996
1.76781 1.05350
1.77030 1.05237
1.77279 1.05669
1.77528 1.05459
1.77776 1.04375
1.78024 1.03736
1.78272 1.03924
1.78519 1.02199
1.78766 1.01194
1.79013 1.00074
1.79260 0.97925
1.79506 0.97883
1.79752 0.96043
1.79998 0.96024
1.80244 0.95889
1.80489 0.96743
1.80734 0.97983
1.80979 1.00581
1.81223 1.01282
1.81467 1.03485
1.81711 1.05490
1.81955 1.07278
1.82198 1.06885
1.82441 1.06058
1.82684 1.04089
1.82927 1.00028
1.83169 0.98578
1.83411 0.99332
1.83653 1.01769
1.83895 1.01474
1.84136 1.04462
1.84377 1.05979
1.84618 1.05121
1.84859 1.03022
1.85099 1.01930
1.85339 1.03402
1.85579 1.03959
1.85818 1.01213
1.86058 0.97340
1.86297 0.95810
1.86535 0.95746
1.86774 0.99522
1.87012 1.03200
1.87250 1.11883
1.87488 1.17806
1.88200 1.15985
1.88437 1.10600
1.88674 1.07609
1.88910 1.04775
1.89146 1.02434
1.89382 1.01247
1.89618 1.00873
1.89853 1.03957
1.90088 1.04267
1.90323 1.05743
1.90558 1.08734
1.90793 1.11065
1.91027 1.07908
1.91261 1.07619
1.91495 1.05811
1.91728 1.05385
1.91962 1.04627
1.92195 1.03470
1.92428 1.01231
1.92660 1.01714
1.92893 1.01813
1.93125 1.00953
1.93357 1.02552
1.93589 1.04136
1.93821 1.05146
1.94052 1.05543
1.94283 1.05972
1.94514 1.06447
1.94745 1.04967
1.94975 1.05333
1.95206 1.05606
1.95436 1.04798
1.95665 1.04610
1.95895 1.06337
1.96124 1.06675
1.96354 1.07473
1.96583 1.07346
1.96811 1.07430
1.97040 1.07385
1.97268 1.06980
1.97497 1.06612
1.97725 1.05521
1.97952 1.05262
1.98180 1.04291
1.98407 1.04463
1.98634 1.03928
1.98861 1.02168
1.99088 1.00521
1.99315 0.96732
1.99541 0.95017
1.99767 0.94044
1.99993 0.95066
2.00219 0.97027
2.00444 0.99901
2.00669 1.03508
2.00895 1.06960
2.01119 1.08389
2.01344 1.07641
2.01569 1.08273
2.01793 1.10411
2.02017 1.10462
2.02241 1.09959
2.02465 1.08236
2.02688 1.07928
2.02912 1.05956
2.03135 1.03922
2.03358 1.03715
2.03580 1.04035
2.03803 1.02960
2.04025 1.03034
2.04247 1.01189
2.04469 1.00535
2.04691 1.00441
2.04913 1.00672
2.05134 1.00983
2.05355 1.02487
2.05576 1.03761
2.05797 1.03255
2.06018 1.04952
2.06238 1.04379
2.06458 1.04523
2.06678 1.04275
2.06898 1.05336
2.07118 1.05699
2.07337 1.05596
2.07556 1.05240
2.07776 1.05136
2.07994 1.04347
2.08213 1.03919
2.08432 1.04110
2.08650 1.03825
2.08868 1.03067
2.09086 1.03981
2.09304 1.03686
2.09521 1.02774
2.09738 1.04164
2.09956 1.03570
2.10172 1.03006
2.10389 1.03541
2.10606 1.03370
2.10822 1.04218
2.11038 1.04372
2.11254 1.04985
2.11470 1.04369
2.11686 1.05235
2.11901 1.04757
2.12116 1.04352
2.12331 1.04664
2.12546 1.03552
2.12761 1.02747
2.12975 1.02399
2.13189 1.01507
2.13403 1.00744
2.13617 0.99397
2.13831 0.98580
2.14044 0.98012
2.14257 0.97972
2.14470 0.96844
2.14683 0.97085
2.14896 0.97466
2.15108 0.97916
2.15320 0.97848
2.15532 0.98821
2.15744 1.00283
2.15956 1.02181
2.16167 1.03534
2.16378 1.04690
2.16589 1.04996
2.16800 1.07035
2.17011 1.06584
2.17221 1.06339
2.17431 1.05890
2.17641 1.04896
2.17851 1.03284
2.18061 1.03055
2.18270 1.03038
2.18479 1.02696
2.18688 1.02696
2.18897 1.02087
2.19105 1.02972
2.19314 1.02947
2.19522 1.02611
2.19730 1.01782
2.19937 1.01588
2.20145 1.03400
2.20352 1.03201
2.20559 1.03443
2.20766 1.03412
2.20972 1.03330
2.21179 1.03224
2.21385 1.02386
2.21591 1.02599
2.21797 1.02796
2.22002 1.02483
2.22207 1.02599
2.22412 1.02870
2.22617 1.03069
2.22822 1.02925
2.23026 1.03076
2.23230 1.02535
2.23434 1.02736
2.23638 1.02664
2.23841 1.02186
2.24045 1.03151
2.24248 1.01695
2.24451 1.02512
2.24653 1.02604
2.24856 1.02173
2.25058 1.02088
2.25260 1.02129
2.25461 1.02534
2.25663 1.02133
2.25864 1.02141
2.26065 1.01753
2.26266 1.02681
2.26466 1.02424
2.26666 1.02809
2.26866 1.03069
2.27066 1.01537
2.27266 1.03039
2.27465 1.02229
2.27664 1.02166
2.27863 1.02140
2.28062 1.02223
2.28260 1.02308
2.28458 1.01671
2.28656 1.02045
2.28854 1.02563
2.29051 1.02455
2.29248 1.01423
2.29445 1.01075
2.29642 1.01650
2.29838 1.01788
2.30034 1.01794
2.30230 1.03446
2.30426 1.02838
2.30622 1.03561
2.30817 1.03138
2.31012 1.02540
2.31207 1.01355
2.31401 1.01555
2.31596 1.01473
2.31790 1.00638
2.31983 1.01771
2.32177 1.02715
2.32370 1.03195
2.32563 1.03908
2.32756 1.02533
2.32949 1.02102
2.33141 1.01673
2.33333 1.01813
2.33525 1.01320
2.33717 1.02091
2.33908 1.01593
2.34099 1.02031
2.34290 1.02238
2.34481 1.01706
2.34671 1.01216
2.34862 1.01043
2.35051 1.01068
2.35241 1.02257
2.35431 1.01923
2.35620 1.01457
2.35809 1.03652
2.35998 1.02295
2.36186 1.02734
2.36375 1.01388
2.36563 1.00819
2.36751 1.00637
2.36938 1.01097
2.37126 1.01644
2.37313 1.03007
2.37500 1.03960
2.37687 1.03566
2.37873 1.01763
2.38060 1.01998
2.38246 1.01474
2.38431 1.02611
2.38617 1.01751
2.38803 1.02024
2.38988 1.02394
2.39173 1.03066
2.39358 1.02916
2.39542 1.02943
2.39727 1.03327
2.39911 1.02807
2.41925 1.02312
2.45718 1.02231
2.49481 1.01444
2.87544 0.98622
2.89313 0.97372
2.90628 0.95565
2.91850 0.95936
2.93117 0.94189
2.94338 0.93319
2.95920 0.92145
2.97274 0.91827
2.98312 0.97313
2.99395 0.95123
3.00657 0.91152
3.02008 0.95073
3.03359 0.96762
3.04529 0.99936
3.05923 0.96840
3.07091 0.99687
3.08394 1.03088
3.09831 0.96906
3.11311 0.99350
3.12388 1.00132
3.13599 1.04716
3.14809 1.04298
3.16063 1.06268
3.17048 1.04259
3.18078 1.04911
3.19152 1.08496
3.20853 1.08693
3.22642 1.11316
3.24072 1.09369
3.25547 1.12144
3.27066 1.11576
3.28585 1.19424
3.29925 1.19533
3.31131 1.23774
3.33452 1.22568
3.34747 1.24704
3.36353 1.29398
3.37840 1.35569
3.39549 1.34769
3.41145 1.32098
3.42465 1.34500
3.43947 1.36193
3.45263 1.44598
3.46578 1.45206
3.47782 1.44827
3.48985 1.53323
3.50186 1.48401
3.51386 1.54763
3.52640 1.63048
3.53947 1.62139
3.55144 1.69347
3.56449 1.66345
3.57807 1.70213
3.59055 1.78041
3.60248 1.80342
3.61386 1.87345
3.62577 1.92417
3.63876 1.86730
3.65011 2.02684
3.66740 2.01820
3.67928 2.12468
3.69223 2.17184
3.70463 2.24222
3.71810 2.27852
3.73049 2.25221
3.74287 2.36346
3.75471 2.43005
3.76600 2.41580
3.77729 2.52071
3.78857 2.56619
3.79986 2.66881
3.81113 2.81581
3.82241 2.88967
3.83368 2.82958
3.84548 2.93503
3.85674 3.14195
3.86800 3.19183
3.88033 3.36925
3.89266 3.40140
3.90445 3.38943
3.91624 3.47411
3.92803 3.48096
3.93928 3.80435
3.95053 3.77559
3.96231 3.94298
3.97410 3.97660
3.98534 4.08721
