0.79081 0.90150
0.79262 0.89266
0.79444 0.88221
0.79627 0.88415
0.79810 0.87512
0.79995 0.86899
0.80180 0.89075
0.80366 0.89225
0.80553 0.90334
0.80741 0.90687
0.81309 0.91630
0.81500 0.90835
0.81692 0.90520
0.81885 0.89538
0.82078 0.89251
0.82273 0.88012
0.82468 0.87841
0.82664 0.87308
0.82862 0.87105
0.83059 0.87136
0.83258 0.87056
0.83458 0.86481
0.83658 0.86312
0.83860 0.86083
0.84062 0.85782
0.84265 0.85416
0.85293 0.85366
0.85920 0.86449
0.86131 0.86565
0.86342 0.86139
0.86555 0.86901
0.86768 0.88687
0.86982 0.89377
0.87197 0.88490
0.87413 0.89114
0.87630 0.89812
0.87847 0.90267
0.88065 0.91739
0.88285 0.92174
0.88505 0.90087
0.88725 0.88755
0.88947 0.89055
0.89170 0.90346
0.89393 0.92213
0.89617 0.90932
0.89842 0.89810
0.90068 0.90379
0.90294 0.90350
0.90522 0.90348
0.90750 0.90514
0.90979 0.90351
0.91208 0.89705
0.91439 0.90437
0.91670 0.92666
0.91902 0.93718
0.92135 0.93808
0.92369 0.93607
0.92603 0.93700
0.92839 0.93482
0.93075 0.92798
0.93311 0.90597
0.94266 0.88865
0.94506 0.91682
0.94747 0.93679
0.94989 0.94984
0.95232 0.96778
0.96703 0.96043
0.96950 0.94722
0.97199 0.93927
0.97448 0.93978
0.97697 0.92956
0.97948 0.92595
0.98199 0.91749
0.98450 0.91211
0.98702 0.90701
0.98955 0.90262
0.99209 0.90137
0.99463 0.91727
0.99718 0.94938
0.99973 0.95658
1.00229 0.96708
1.00486 0.97131
1.00743 0.97862
1.01001 0.98343
1.01260 0.98376
1.01519 0.96096
1.01779 0.95127
1.02039 0.94234
1.02300 0.94506
1.02561 0.94525
1.02823 0.94898
1.03085 0.95156
1.03349 0.95004
1.03612 0.95516
1.03876 0.96219
1.04141 0.97675
1.04406 0.97856
1.04672 0.97892
1.04938 0.98670
1.05205 0.97865
1.05472 0.98104
1.05740 0.97374
1.06008 0.97059
1.06277 0.96740
1.06546 0.95749
1.06815 0.95109
1.07086 0.94177
1.07356 0.92574
1.07627 0.92237
1.08171 0.92392
1.08443 0.93737
1.08716 0.96102
1.08989 0.97751
1.09262 0.98639
1.09536 0.98475
1.09811 0.99467
1.10086 0.99275
1.10361 0.96604
1.10637 0.94180
1.10912 0.93628
1.11189 0.93177
1.11465 0.93992
1.11743 0.94381
1.12020 0.95317
1.12298 0.96009
1.12576 0.96737
1.12854 0.97163
1.13133 0.98074
1.13412 0.98915
1.13691 0.98527
1.13971 0.98742
1.14251 0.98517
1.14531 0.98748
1.14812 0.97890
1.15093 0.98871
1.15374 0.98937
1.15656 0.99219
1.15937 0.98951
1.16219 0.98931
1.16501 0.98180
1.16784 0.98325
1.17067 0.98175
1.17350 0.98304
1.17633 0.97696
1.17916 0.97781
1.18200 0.97792
1.18484 0.98359
1.18768 0.98284
1.19052 0.98731
1.19336 0.98960
1.19621 0.99108
1.19906 0.98567
1.20191 0.98172
1.20476 0.98400
1.20761 0.98410
1.21047 0.99161
1.21332 0.98813
1.21618 0.98609
1.21904 0.98473
1.22190 0.99270
1.22476 0.99747
1.22763 1.00002
1.23049 1.00271
1.23336 1.01566
1.23622 1.01323
1.23909 1.01533
1.24196 1.00723
1.24483 1.01117
1.24770 1.00042
1.25057 0.99090
1.25345 0.97867
1.25632 0.97088
1.25919 0.96494
1.26207 0.95633
1.26494 0.95262
1.26782 0.95391
1.27069 0.96420
1.27357 0.99527
1.27645 1.01958
1.27932 1.02906
1.28220 1.03221
1.28508 1.04004
1.28796 1.04406
1.29084 1.03103
1.29371 1.00365
1.29659 1.00418
1.29947 0.99282
1.30235 0.99741
1.30523 0.99743
1.30811 1.00041
1.31098 0.99982
1.31386 1.00765
1.31674 1.00473
1.31961 1.00982
1.32249 1.00714
1.32537 1.00644
1.32824 1.00530
1.33112 1.00405
1.33399 1.00828
1.33687 0.99477
1.33974 0.98187
1.34261 0.96856
1.36270 1.01156
1.36557 1.05039
1.36843 1.05082
1.37129 1.04856
1.37702 1.05416
1.38274 1.04103
1.38560 1.04831
1.38845 1.05395
1.39416 1.05651
1.39701 1.04426
1.39986 1.04366
1.41410 1.05038
1.41694 1.04568
1.41978 1.03531
1.42262 1.02883
1.42545 1.02247
1.42829 1.02138
1.43112 1.01469
1.43395 1.01392
1.43678 1.02553
1.43961 1.02457
1.44244 1.03222
1.44526 1.03040
1.44808 1.03542
1.45090 1.02757
1.45372 1.02600
1.45654 1.01961
1.45935 1.01156
1.46216 0.99839
1.46497 1.00161
1.46778 1.00927
1.47058 1.00691
1.47339 1.01730
1.47619 1.01970
1.47899 1.02242
1.48178 1.02172
1.48458 1.01988
1.48737 1.02334
1.49016 1.01696
1.49295 1.02178
1.49573 1.02249
1.49852 1.01726
1.50130 1.01363
1.50407 1.01682
1.50685 1.02389
1.50962 1.01573
1.51239 1.01988
1.51516 1.01934
1.51793 1.02068
1.52069 1.00762
1.52345 1.01151
1.52621 1.01044
1.52896 1.01807
1.53172 1.01329
1.53447 1.01254
1.53721 1.01289
1.53996 1.00935
1.54270 1.01027
1.54544 1.01277
1.54818 1.00483
1.55091 1.01344
1.55364 1.01150
1.55637 1.01170
1.55910 1.00826
1.56182 1.01022
1.56454 1.01257
1.56726 1.00913
1.56997 1.00536
1.57269 0.99932
1.57540 1.00584
1.57810 1.00820
1.58081 1.01490
1.58351 1.02079
1.58621 1.02381
1.58890 1.01158
1.59159 1.01905
1.59428 1.01236
1.59697 1.00691
1.59965 1.00348
1.60233 1.01064
1.60501 1.02519
1.60769 1.02608
1.61036 1.03090
1.61303 1.02498
1.61570 1.02065
1.61836 1.00879
1.62102 0.99848
1.62368 0.98492
1.62633 0.98051
1.62898 0.99353
1.63163 1.00744
1.63428 1.02998
1.63692 1.04764
1.63956 1.05712
1.64220 1.05483
1.64483 1.05766
1.64747 1.05245
1.65009 1.02711
1.65272 1.00766
1.65534 0.98396
1.67101 0.98483
1.67361 1.01911
1.67621 1.03323
1.67881 1.05139
1.68140 1.06948
1.68399 1.07167
1.68916 1.06952
1.69174 1.05912
1.69432 1.03582
1.69690 1.02742
1.69947 1.01711
1.70204 1.00988
1.70460 1.00390
1.70717 1.00031
1.70973 0.98503
1.72757 0.99699
1.73010 1.01730
1.73264 1.03354
1.73517 1.04787
1.73770 1.05379
1.74022 1.05610
1.74274 1.05460
1.74526 1.04705
1.74778 1.02878
1.75029 1.03107
1.75281 1.02201
1.75531 1.02908
1.75782 1.03296
1.76032 1.02808
1.76282 1.03467
1.76532 1.03355
1.76781 1.03703
1.77030 1.03592
1.77279 1.04017
1.77528 1.03810
1.77776 1.02743
1.78024 1.02114
1.78272 1.02299
1.78519 1.00601
1.78766 0.99612
1.79013 0.98510
1.80979 0.99009
1.81223 0.99699
1.81467 1.01867
1.81711 1.03841
1.81955 1.05601
1.82198 1.05214
1.82441 1.04400
1.82684 1.02462
1.82927 0.98464
1.83653 1.00178
1.83895 0.99888
1.84136 1.02829
1.84377 1.04322
1.84618 1.03478
1.84859 1.01411
1.85099 1.00337
1.85339 1.01786
1.85579 1.02334
1.85818 0.99631
1.87012 1.01587
1.88674 1.05927
1.88910 1.03137
1.89146 1.00833
1.89382 0.99664
1.89618 0.99296
1.89853 1.02332
1.90088 1.02637
1.90323 1.04090
1.90558 1.07034
1.91027 1.06221
1.91261 1.05937
1.91495 1.04157
1.91728 1.03738
1.91962 1.02991
1.92195 1.01852
1.92428 0.99648
1.92660 1.00124
1.92893 1.00221
1.93125 0.99375
1.93357 1.00949
1.93589 1.02508
1.93821 1.03502
1.94052 1.03893
1.94283 1.04315
1.94514 1.04783
1.94745 1.03326
1.94975 1.03686
1.95206 1.03955
1.95436 1.03160
1.95665 1.02975
1.95895 1.04675
1.96124 1.05007
1.96354 1.05793
1.96583 1.05668
1.96811 1.05751
1.97040 1.05706
1.97268 1.05308
1.97497 1.04945
1.97725 1.03871
1.97952 1.03616
1.98180 1.02661
1.98407 1.02830
1.98634 1.02303
1.98861 1.00571
1.99088 0.98950
2.00444 0.98339
2.00669 1.01890
2.00895 1.05288
2.01119 1.06695
2.01344 1.05958
2.01569 1.06580
2.02465 1.06544
2.02688 1.06241
2.02912 1.04300
2.03135 1.02297
2.03358 1.02094
2.03580 1.02409
2.03803 1.01350
2.04025 1.01423
2.04247 0.99607
2.04469 0.98963
2.04691 0.98871
2.04913 0.99098
2.05134 0.99404
2.05355 1.00885
2.05576 1.02139
2.05797 1.01641
2.06018 1.03311
2.06238 1.02747
2.06458 1.02889
2.06678 1.02645
2.06898 1.03689
2.07118 1.04047
2.07337 1.03945
2.07556 1.03595
2.07776 1.03492
2.07994 1.02716
2.08213 1.02294
2.08432 1.02482
2.08650 1.02202
2.08868 1.01456
2.09086 1.02355
2.09304 1.02065
2.09521 1.01167
2.09738 1.02536
2.09956 1.01951
2.10172 1.01396
2.10389 1.01922
2.10606 1.01754
2.10822 1.02589
2.11038 1.02740
2.11254 1.03344
2.11470 1.02737
2.11686 1.03590
2.11901 1.03119
2.12116 1.02721
2.12331 1.03028
2.12546 1.01933
2.12761 1.01141
2.12975 1.00798
2.13189 0.99920
2.13403 0.99169
2.13617 0.97843
2.15532 0.97276
2.15744 0.98715
2.15956 1.00584
2.16167 1.01915
2.16378 1.03053
2.16589 1.03355
2.16800 1.05362
2.17011 1.04918
2.17221 1.04677
2.17431 1.04235
2.17641 1.03256
2.17851 1.01669
2.18061 1.01444
2.18270 1.01427
2.18479 1.01091
2.18688 1.01091
2.18897 1.00491
2.19105 1.01362
2.19314 1.01338
2.19522 1.01007
2.19730 1.00191
2.19937 1.00000
2.20145 1.01784
2.20352 1.01588
2.20559 1.01826
2.20766 1.01795
2.20972 1.01715
2.21179 1.01610
2.21385 1.00785
2.21591 1.00995
2.21797 1.01189
2.22002 1.00881
2.22207 1.00995
2.22412 1.01262
2.22617 1.01458
2.22822 1.01316
2.23026 1.01465
2.23230 1.00932
2.23434 1.01130
2.23638 1.01059
2.23841 1.00589
2.24045 1.01538
2.24248 1.00105
2.24451 1.00909
2.24653 1.01000
2.24856 1.00576
2.25058 1.00492
2.25260 1.00532
2.25461 1.00931
2.25663 1.00536
2.25864 1.00544
2.26065 1.00162
2.26266 1.01076
2.26466 1.00823
2.26666 1.01202
2.26866 1.01458
2.27066 0.99950
2.27266 1.01428
2.27465 1.00631
2.27664 1.00569
2.27863 1.00543
2.28062 1.00625
2.28260 1.00709
2.28458 1.00082
2.28656 1.00450
2.28854 1.00960
2.29051 1.00853
2.29248 0.99837
2.29445 0.99495
2.29642 1.00061
2.29838 1.00197
2.30034 1.00203
2.30230 1.01829
2.30426 1.01230
2.30622 1.01942
2.30817 1.01526
2.31012 1.00937
2.31207 0.99771
2.31401 0.99967
2.31596 0.99887
2.31790 0.99065
2.31983 1.00180
2.32177 1.01109
2.32370 1.01582
2.32563 1.02284
2.32756 1.00930
2.32949 1.00506
2.33141 1.00084
2.33333 1.00221
2.33525 0.99736
2.33717 1.00495
2.33908 1.00005
2.34099 1.00436
2.34290 1.00640
2.34481 1.00116
2.34671 0.99634
2.34862 0.99463
2.35051 0.99488
2.35241 1.00658
2.35431 1.00330
2.35620 0.99871
2.35809 1.02032
2.35998 1.00696
2.36186 1.01128
2.36375 0.99803
2.36563 0.99243
2.36751 0.99064
2.36938 0.99517
2.37126 1.00055
2.37313 1.01397
2.37500 1.02335
2.37687 1.01947
2.37873 1.00172
2.38060 1.00403
2.38246 0.99888
2.38431 1.01007
2.38617 1.00160
2.38803 1.00429
2.38988 1.00793
2.39173 1.01455
2.39358 1.01307
2.39542 1.01334
2.39727 1.01712
2.39911 1.01200
2.40095 1.00998
2.40279 1.01322
2.40462 1.00930
2.40646 1.00033
2.40829 1.00610
2.41012 1.00661
2.41195 0.99413
2.41378 0.99863
2.41560 1.00713
2.41743 1.01848
2.41925 1.01491
2.42107 1.02293
2.42289 1.01692
2.42470 1.02711
2.42652 0.98938
2.42833 1.00164
2.43015 0.99661
2.43196 0.99770
2.43377 1.00741
2.43558 1.01107
2.43738 0.99866
2.43919 1.00763
2.44099 0.99676
2.44280 0.99926
2.44460 0.99418
2.44640 0.98249
2.44820 1.01408
2.45000 1.03222
2.45179 1.02527
2.45359 1.01598
2.45539 1.00633
2.45718 1.01582
2.45898 1.01064
2.46077 1.00085
2.46256 1.00436
2.46436 0.98846
2.46615 1.00118
2.46794 0.99415
2.46973 1.00833
2.47152 1.02828
2.47331 1.00659
2.47510 0.99843
2.47689 0.99119
2.47868 1.00004
2.48047 0.97153
2.48227 0.97331
2.48406 1.01101
2.48585 1.01590
2.48764 0.99858
2.48943 1.02841
2.49122 1.03190
2.49301 1.03181
2.49660 1.00764
2.49840 1.01480
2.50019 1.01544
2.50199 0.98852
2.50379 0.99663
2.50558 0.99034
2.50738 0.99063
2.50919 0.96936
2.85637 0.93904
2.87045 0.96519
2.87862 0.97488
2.88542 0.94903
2.89404 0.97089
2.90809 0.94071
2.91398 0.96366
2.92620 0.92717
2.93163 0.93704
2.98312 0.95895
2.98808 0.94588
3.02999 0.95249
3.04169 0.94439
3.04663 1.01291
3.06282 0.95326
3.06777 0.97380
3.07361 0.95377
3.07855 0.95933
3.08529 1.03741
3.09696 0.95391
3.10324 1.02109
3.11581 0.99691
3.12119 1.01928
3.12612 0.97635
3.13285 1.05116
3.13778 0.98955
3.14360 1.02668
3.14898 1.05164
3.16018 1.04545
3.16511 1.05421
3.17004 1.00849
3.17496 1.02970
3.18033 1.03271
3.18526 1.08131
3.19018 1.02657
3.20226 1.04844
3.21568 1.07046
3.22150 1.06856
3.23759 1.07659
3.24341 1.06582
3.25592 1.08713
3.26352 1.09545
3.26932 1.14211
3.27737 1.09567
3.29568 1.15327
3.30282 1.19050
3.30774 1.17687
3.32961 1.22136
3.34568 1.23977
3.35238 1.25643
3.36570 1.27375
3.39659 1.32662
3.40320 1.26728
3.41035 1.33477
3.41750 1.35826
3.42355 1.27417
3.43124 1.34064
3.43783 1.36006
3.45099 1.41340
3.45702 1.42936
3.46304 1.41166
3.47508 1.41068
3.48110 1.42563
3.48711 1.44423
3.49312 1.51333
3.49913 1.44546
3.50514 1.53398
3.51114 1.50463
3.51714 1.52344
3.52313 1.60499
3.52967 1.57882
3.53566 1.62282
3.54165 1.64037
3.54764 1.65356
3.55362 1.68832
3.55960 1.59617
3.56558 1.63745
3.57861 1.64958
3.59055 1.80666
3.59706 1.73644
3.60302 1.75722
3.60898 1.88173
3.61494 1.81872
3.62090 1.84377
3.63281 1.83811
3.64525 1.95695
3.65119 2.01615
3.65714 2.06315
3.66416 1.95113
3.67064 1.98665
3.67712 2.09147
3.68953 2.08890
3.69546 2.13789
3.70193 2.19846
3.70786 2.29124
3.72026 2.17514
3.73264 2.23698
3.73856 2.27326
3.74448 2.27924
3.75040 2.37237
3.75632 2.50049
3.76224 2.49244
3.77998 2.49994
3.79180 2.71545
3.79771 2.57810
3.80361 2.69021
3.80952 2.77179
3.81543 2.81822
3.82133 2.78873
3.82724 2.83730
3.83314 2.77118
3.84494 2.86667
3.85084 2.99723
3.85674 3.09283
3.86264 3.09713
3.86854 3.14193
3.87497 3.17440
3.88087 3.31658
3.88677 3.32377
3.89266 3.34823
3.89856 3.37001
3.90445 3.30812
3.91035 3.33723
3.91624 3.49484
3.92213 3.40952
3.92803 3.44673
3.93392 3.62504
3.93981 3.82227
3.94571 3.60814
3.95160 3.73280
3.95749 3.71657
3.96338 3.88134
3.96927 3.96291
3.97517 3.83167
3.98106 3.94792
3.98695 4.09549
3.99284 4.05160
3.99873 4.08915
4.00463 4.39503
4.01052 4.49835
4.01641 4.28745
4.02873 4.31379
4.03463 4.61012
4.04052 4.50004
4.04641 4.80817
4.05981 4.98885
4.07375 5.03132
4.08125 5.24950
