0.78976 0.77541
0.79157 0.78326
0.79338 0.77749
0.79521 0.78423
0.79704 0.78610
0.79888 0.78193
0.80073 0.78052
0.80258 0.79017
0.80445 0.78106
0.80632 0.79546
0.80820 0.78511
0.81009 0.78336
0.81199 0.78075
0.81389 0.78915
0.81581 0.77230
0.81773 0.79071
0.81966 0.78884
0.82160 0.79458
0.82355 0.78478
0.82551 0.79648
0.82747 0.79579
0.82945 0.80503
0.83143 0.79585
0.83342 0.80000
0.83542 0.78953
0.83743 0.79303
0.83945 0.78654
0.84147 0.79092
0.84351 0.80452
0.84555 0.79843
0.84760 0.79800
0.84966 0.80341
0.85173 0.79611
0.85381 0.79796
0.85589 0.79896
0.85798 0.80193
0.86009 0.79065
0.86220 0.78824
0.86432 0.79701
0.86645 0.79752
0.86858 0.79361
0.87073 0.78561
0.87288 0.78886
0.87504 0.78774
0.87721 0.78146
0.87939 0.78328
0.88158 0.79301
0.88377 0.79321
0.88598 0.78646
0.88819 0.79668
0.89041 0.78841
0.89264 0.79079
0.89487 0.78776
0.89712 0.79349
0.89937 0.78869
0.90163 0.78977
0.90390 0.78665
0.90618 0.78836
0.90846 0.78929
0.91075 0.78717
0.91305 0.78958
0.91536 0.78449
0.91768 0.78708
0.92000 0.79222
0.97055 0.78384
0.97303 0.78310
0.97553 0.79132
0.97803 0.78758
0.98053 0.78919
0.98304 0.78675
0.98556 0.79230
0.98809 0.78770
0.99062 0.78774
0.99316 0.79228
0.99570 0.79718
0.99825 0.79144
1.00081 0.79688
1.00337 0.79203
1.00594 0.79034
1.00852 0.79349
1.01110 0.79474
1.01369 0.78816
1.01628 0.79367
1.01888 0.79709
1.02149 0.79329
1.02410 0.79515
1.02671 0.79213
1.02933 0.79729
1.03196 0.79674
1.03459 0.79453
1.03723 0.79773
1.03988 0.80279
1.04253 0.79359
1.04518 0.79224
1.04784 0.79559
1.05050 0.79969
1.05317 0.79177
1.05585 0.79584
1.05853 0.79415
1.06121 0.79482
1.06390 0.79496
1.06659 0.79731
1.06929 0.79289
1.07200 0.79777
1.07470 0.79295
1.07742 0.79320
1.08013 0.79646
1.08285 0.79296
1.08558 0.80580
1.08831 0.79919
1.09104 0.79862
1.09378 0.79854
1.09652 0.79418
1.09927 0.79327
1.10202 0.79263
1.10477 0.79598
1.10753 0.79296
1.17186 0.79706
1.17469 0.80742
1.17752 0.79826
1.18036 0.79325
1.18319 0.79886
1.18603 0.79544
1.18887 0.80137
1.19172 0.80633
1.19456 0.80849
1.19741 0.80733
1.20026 0.81020
1.20311 0.80387
1.20596 0.79753
1.20881 0.80869
1.21167 0.80304
1.21453 0.80162
1.21739 0.80282
1.22025 0.80526
1.22311 0.81601
1.22597 0.80974
1.22883 0.80981
1.23170 0.81224
1.23456 0.81852
1.23743 0.81276
1.24030 0.81788
1.24317 0.81299
1.24604 0.81656
1.24891 0.81448
1.25178 0.81772
1.25466 0.81897
1.25753 0.81871
1.26040 0.82994
1.26328 0.81920
1.26615 0.82506
1.26903 0.82796
1.27191 0.82528
1.27478 0.82505
1.27766 0.81802
1.28054 0.81949
1.28341 0.83146
1.28629 0.82167
1.28917 0.82478
1.29205 0.82497
1.29493 0.82288
1.29781 0.82358
1.30068 0.82287
1.30356 0.82160
1.30644 0.82219
1.30932 0.81634
1.31219 0.82749
1.31507 0.82102
1.31795 0.82185
1.32083 0.82128
1.32370 0.81325
1.32658 0.81968
1.32945 0.82047
1.33233 0.81827
1.33520 0.82798
1.33808 0.81193
1.34095 0.81665
1.34669 0.81365
1.34957 0.81291
1.46896 0.83360
1.47177 0.83511
1.48296 0.83857
1.48576 0.83782
1.48855 0.84173
1.49134 0.84443
1.49412 0.85154
1.49691 0.85580
1.49969 0.84801
1.50247 0.86097
1.50524 0.85589
1.50802 0.85927
1.51079 0.86063
1.51356 0.86664
1.51633 0.86105
1.51909 0.86519
1.52185 0.86248
1.52461 0.86856
1.52737 0.86792
1.53012 0.86962
1.53287 0.86940
1.53562 0.86935
1.53837 0.87393
1.54111 0.86714
1.54385 0.86882
1.54659 0.87520
1.54933 0.87429
1.55206 0.87409
1.55479 0.87559
1.55752 0.87440
1.56024 0.88209
1.56297 0.87118
1.56569 0.87514
1.56840 0.87877
1.57112 0.88013
1.57383 0.88194
1.57654 0.88134
1.57924 0.89052
1.58194 0.88093
1.58464 0.88164
1.58734 0.88653
1.59004 0.88836
1.59273 0.88515
1.59541 0.88144
1.59810 0.88923
1.60078 0.88418
1.60346 0.88740
1.60614 0.89191
1.60881 0.89600
1.61148 0.89412
1.61415 0.89662
1.61682 0.89671
1.61948 0.87734
1.62214 0.88617
1.62480 0.89629
1.62745 0.88734
1.63010 0.89090
1.63275 0.89040
1.63539 0.89398
1.63803 0.88893
1.64067 0.90126
1.64331 0.90105
1.64594 0.90099
1.64857 0.89246
1.65120 0.89639
1.65382 0.89074
1.65644 0.89375
1.65906 0.88960
1.66168 0.89149
1.66429 0.89755
1.66690 0.90293
1.66951 0.89270
1.67211 0.89888
1.67471 0.89945
1.67731 0.90411
1.67990 0.90229
1.68249 0.90915
1.68508 0.89741
1.68767 0.89832
1.69025 0.89747
1.69283 0.90678
1.69541 0.90127
1.69798 0.90938
1.70055 0.89966
1.70312 0.90013
1.70568 0.90221
1.70825 0.90313
1.71080 0.89542
1.71336 0.89707
1.71591 0.90568
1.71846 0.90453
1.72101 0.90044
1.72356 0.90512
1.72610 0.90126
1.72864 0.91744
1.73117 0.90627
1.73370 0.91793
1.73623 0.91233
1.73876 0.90747
1.74129 0.90678
1.74381 0.90814
1.74632 0.90631
1.74884 0.91078
1.75135 0.91041
1.75386 0.91448
1.75637 0.92731
1.75887 0.91131
1.76137 0.91025
1.76387 0.91645
1.76637 0.90698
1.76886 0.91442
1.77135 0.91378
1.77384 0.91551
1.77632 0.92174
1.77880 0.91478
1.78128 0.89924
1.78376 0.90539
1.78623 0.90581
1.78870 0.90655
1.79117 0.91396
1.79364 0.90198
1.79610 0.92067
1.79856 0.90582
1.95072 0.94092
1.95302 0.93251
1.95532 0.93323
1.95762 0.94113
1.95992 0.94819
1.96908 0.93549
1.97136 0.93351
1.97365 0.93360
1.97593 0.94114
1.97821 0.93677
1.98276 0.94366
1.98503 0.95381
1.98730 0.95383
1.98957 0.95784
1.99183 0.96996
1.99410 0.97237
1.99636 0.97813
2.00764 0.97533
2.00989 0.96503
2.01214 0.96113
2.01439 0.96788
2.01663 0.97090
2.01887 0.96194
2.02111 0.94445
2.02335 0.95489
2.02559 0.95524
2.02782 0.95964
2.03006 0.96384
2.03229 0.96044
2.03451 0.96057
2.03674 0.96915
2.03897 0.97192
2.04119 0.97601
2.04341 0.97913
2.04563 0.97071
2.04784 0.98259
2.05006 0.99032
2.05227 0.99653
2.05448 0.99638
2.05669 0.99494
2.05890 0.98054
2.06111 0.96779
2.06331 0.97268
2.06551 0.98923
2.06771 0.97207
2.06991 0.96966
2.07210 0.96729
2.07430 0.96581
2.07649 0.96811
2.07868 0.97726
2.08087 0.97287
2.08305 0.96989
2.08524 0.97755
2.08742 0.98151
2.08960 0.97701
2.09178 0.96486
2.09395 0.96984
2.09613 0.97173
2.09830 0.96878
2.10264 0.96694
2.10480 0.97822
2.10913 0.97914
2.11129 0.97101
2.11345 0.96643
2.11561 0.96390
2.11776 0.96617
2.11992 0.97279
2.12207 0.97936
2.12422 0.97723
2.12636 0.98002
2.12851 0.97506
2.13065 0.98694
2.13279 0.97755
2.13493 0.98683
2.13707 0.97928
2.13921 0.98096
2.14134 0.97927
2.14347 0.98470
2.14560 0.98531
2.14773 0.99647
2.14985 0.99186
2.15198 0.99064
2.15410 0.98214
2.15622 0.99280
2.15833 0.99384
2.16045 0.98656
2.16256 0.98114
2.16467 0.99497
2.16678 0.99678
2.16889 0.98430
2.17099 0.98559
2.17310 0.99484
2.17520 0.98838
2.17730 0.99092
2.17939 0.98580
2.18149 0.99849
2.18358 0.99341
2.18567 0.99064
2.18776 0.99383
2.18985 1.00754
2.19193 1.00284
2.19401 1.00510
2.19609 0.99300
2.19817 0.98820
2.20025 1.00000
2.20232 0.99235
2.20439 1.00048
2.20646 0.98118
2.20853 0.99671
2.21059 0.99617
2.21266 0.99856
2.21472 1.00112
2.21678 0.98222
2.21883 0.99180
2.22089 0.99260
2.22294 0.99752
2.22499 1.01118
2.22703 1.02488
2.22908 1.01531
2.23112 0.99860
2.23316 0.98401
2.23520 0.98392
2.23724 0.99774
2.23927 0.99985
2.24130 1.00333
2.24333 1.00360
2.24536 1.00314
2.24738 0.99294
2.24941 0.99681
2.25143 1.00984
2.25345 1.00960
2.25546 0.99999
2.25747 1.00254
2.25949 1.00282
2.26149 1.00264
2.26350 0.98864
2.26550 1.00642
2.26751 1.00194
2.26951 1.00755
2.27150 1.02564
2.27350 1.01461
2.27549 1.00912
2.27748 0.99410
2.27947 1.01408
2.28145 1.01878
2.28343 1.02050
2.28541 1.01695
2.28739 1.01359
2.28937 1.02059
2.29134 1.00914
2.29331 1.02719
2.29528 1.02504
2.29725 1.02850
2.29921 1.02179
2.30117 1.00933
2.30313 1.01711
2.30509 1.00670
2.30704 1.01476
2.30899 1.01727
2.31094 1.01276
2.31289 0.99980
2.31483 1.01755
2.31677 1.02319
2.31871 1.01893
2.32065 1.01898
2.32258 1.01221
2.32452 1.02035
2.32645 1.01957
2.32837 1.02328
2.33030 1.03331
2.33222 1.01704
2.33414 1.00678
2.33606 1.04097
2.33797 1.01402
2.33989 1.01302
2.34180 1.01828
2.34371 1.03255
2.34561 1.03170
2.34751 1.02208
2.34942 1.02902
2.35131 1.03344
2.35321 1.02332
2.35510 1.01993
2.35700 1.01636
2.35889 1.02758
2.36077 1.02029
2.36266 1.03596
2.36454 1.03146
2.36642 1.01664
2.36830 1.04203
2.37017 1.04587
2.37205 1.02576
2.37392 1.03498
2.37579 1.01636
2.37765 1.01870
2.37952 1.02318
2.38138 1.00186
2.38324 1.03905
2.38510 1.02108
2.38695 1.04267
2.38881 1.02817
2.39066 1.03740
2.39251 1.01005
2.39435 1.03570
2.39620 1.02553
2.39804 1.03914
2.39988 1.03909
2.40172 1.03283
2.40356 1.02615
2.40540 1.02856
2.40723 1.03262
2.40906 1.03027
2.41089 1.01751
2.41272 1.02647
2.41455 1.02716
2.41637 1.00541
2.41819 1.03059
2.42002 1.03142
2.42184 1.02089
2.42365 1.01700
2.42547 1.03996
2.42728 1.03573
2.42910 1.03803
2.43091 1.01540
2.43272 1.03548
2.43453 1.02664
2.43634 1.02693
2.43814 1.05290
2.43995 1.02995
2.44175 1.01637
2.44355 1.02754
2.44536 1.03369
2.44716 1.04227
2.44896 1.03760
2.45075 1.01045
2.45255 1.01108
2.45435 1.03365
2.45614 1.04663
2.45794 1.03092
2.45973 1.04007
2.46153 1.04974
2.46332 1.02522
2.46511 1.02783
2.46690 1.05300
2.46870 1.03063
2.47049 1.03468
2.47228 1.05059
2.47407 1.03210
2.47586 1.03230
2.47765 1.02949
2.47944 1.03643
2.88053 1.03574
2.90185 1.04391
2.91544 1.08006
2.92132 1.06602
2.93490 1.07420
2.97466 1.05826
3.00172 1.08193
3.06293 1.09300
3.08405 1.13018
3.11816 1.11548
3.12309 1.15852
3.15626 1.16660
3.18446 1.15709
3.20057 1.19242
3.26629 1.25340
3.28371 1.27453
3.28907 1.32332
3.37290 1.41441
3.38338 1.42137
3.42082 1.48016
3.43674 1.57231
3.45813 1.59477
3.47237 1.67066
3.49206 1.73490
3.51335 1.72247
3.52044 1.80800
3.52916 1.81322
3.55094 1.89028
3.59495 2.09849
3.60146 2.07968
3.65237 2.32628
3.67074 2.41918
3.69126 2.51400
3.70367 2.57339
3.71769 2.61256
3.74839 2.88443
3.76023 2.98099
3.76615 2.93693
3.79679 3.19859
3.80271 3.26589
3.82043 3.30909
3.82634 3.44091
3.85049 3.65701
3.86819 3.80732
3.88696 3.95559
3.91751 4.31099
3.92984 4.36484
3.94269 4.58875
3.95448 4.68453
3.96037 4.60293
3.96626 4.73622
3.97215 4.78125
3.97805 4.84414
3.98394 5.02182
3.99626 5.16332
