1.173878484779188945e-24
1.364510341525961575e-24
1.584992872532606970e-24
1.842851999869465278e-24
2.141154060685060945e-24
2.488028572633370500e-24
2.891411728519924540e-24
3.357828863582263166e-24
3.903018000722261493e-24
4.533506922213493722e-24
5.266319621070030558e-24
6.118100275419342867e-24
7.108200721646309317e-24
8.252648839858362681e-24
9.589531979272633404e-24
1.113499280972102836e-23
1.293030350266593203e-23
1.501589140256321141e-23
1.743871727100426800e-23
2.025332778523588386e-23
2.350525585194765806e-23
2.730094358045236751e-23
3.168656785434942840e-23
3.677767376001737815e-23
4.268765972794883600e-23
4.954810133737020533e-23
5.751165141505252175e-23
6.670652403162133960e-23
7.742831265423726575e-23
8.980764265277058632e-23
1.041656566282432286e-22
1.208178892631255500e-22
1.401299788143943745e-22
1.625255744562657331e-22
1.883621643986166646e-22
2.183006510489064774e-22
2.531674052884415608e-22
2.933862594959352463e-22
3.399809144883063467e-22
3.939580090557616155e-22
4.561688497269875467e-22
5.285394263021118434e-22
6.119391265367160668e-22
7.084582125434078777e-22
8.201501696067041070e-22
9.493877065060983158e-22
1.098911952096903862e-21
1.271046439183947690e-21
1.471005675509895160e-21
1.701161287692302932e-21
1.967164826454277020e-21
2.274564233909547947e-21
2.628060409525275361e-21
3.038176144836060137e-21
3.509694822667550592e-21
4.053996108473789033e-21
4.682233199096885438e-21
5.407252959509549243e-21
6.239939258122862234e-21
7.200078259968936546e-21
8.307024574698293617e-21
9.583043544040667765e-21
1.105374396701242581e-20
1.274079165502174997e-20
2.369357773481125663e-19
2.712977679424853309e-19
3.107613759636028846e-19
3.557131473019258524e-19
4.068808362111811746e-19
4.653320727356461658e-19
5.320909633417752002e-19
6.083235820500699194e-19
6.949923144378516019e-19
7.938731593185892148e-19
9.061938325500686351e-19
1.034229118846951661e-18
1.180149111095551627e-18
1.345730567810702420e-18
1.534276952997008958e-18
1.748930855540922051e-18
1.992254862224360720e-18
2.269030687367899276e-18
2.582506938611193316e-18
2.938771635130844388e-18
3.343584288675106939e-18
3.801601952780973727e-18
4.319477143440568722e-18
4.907032851776358750e-18
5.573511662233719684e-18
6.326322008194499923e-18
7.179527936074220142e-18
8.146323497009985696e-18
9.237237708740123437e-18
1.046741582221245194e-17
1.185930375006756532e-17
1.342758781478858100e-17
1.520054824144318422e-17
1.720449567849548874e-17
1.946014079962401469e-17
2.199750741672744422e-17
2.486128712972949837e-17
2.808014640129580239e-17
3.171011956295394233e-17
3.580289918069510893e-17
4.038065028612729149e-17
4.555587577269693369e-17
5.133982733669132789e-17
5.784801516038340257e-17
6.516969070665754467e-17
7.337311670028746534e-17
8.255899439131096938e-17
9.287870243415786452e-17
1.044253799159759193e-16
1.173871199785549605e-16
1.318788210154085444e-16
1.480716250975221764e-16
1.662241975104357923e-16
2.102046790023590191e-15
2.334951703170315125e-15
2.592318211585790884e-15
2.877627096348828999e-15
3.191528987381158301e-15
3.539162711573719535e-15
3.922672477856761799e-15
4.347114820443981635e-15
4.813335993097684178e-15
5.328812055610185026e-15
5.896566060683925253e-15
6.521597889640675922e-15
7.209356120677121099e-15
7.965775580647015674e-15
8.800375846530512026e-15
9.717734507012695193e-15
1.072558483176624710e-14
1.183233755734040964e-14
1.304713617516184185e-14
1.437991638934773690e-14
1.584147003194103705e-14
1.744937635567849002e-14
1.920518456955242101e-14
2.113507476504874650e-14
2.324830397627742968e-14
2.556126409955585237e-14
2.809171883405372097e-14
3.085891042054718338e-14
3.388367403632302888e-14
3.720059327241507941e-14
4.081110564490770705e-14
4.475261828718281892e-14
4.906931111338032459e-14
5.376212966953648373e-14
5.889733726795913635e-14
6.449563004190833733e-14
7.057414704598079681e-14
7.721746381409510826e-14
8.445096298974759075e-14
9.229538500231415149e-14
1.008583137830668856e-13
1.101707341872730225e-13
1.202942315879018205e-13
1.312951136250897422e-13
1.432447455822060570e-13
1.561729873791200166e-13
1.702522573933325075e-13
1.855280888678612066e-13
2.020958643377019928e-13
2.199931481702242869e-13
2.394543726722054167e-13
2.605377675469259725e-13
2.833700809678374846e-13
3.079980362219411063e-13
3.347386351852111060e-13
3.635612899015409454e-13
3.948338344362786010e-13
4.285171338551867455e-13
4.650374429549221581e-13
5.043452200911553580e-13
5.925752372717257802e-13
6.421581579857394679e-13
1.349950223350623070e-11
1.441388829942639782e-11
1.866473286913887871e-11
1.989910287480824631e-11
2.120499771363118818e-11
2.259103387767387702e-11
2.405635054392416503e-11
2.561628199745708556e-11
2.726466416434794274e-11
2.901218835470156217e-11
3.085753191877828346e-11
3.281981926333455231e-11
3.489100061956164312e-11
3.708428953504353312e-11
3.940636344323916416e-11
4.185510928816646620e-11
4.444595817554893403e-11
4.718655559246155685e-11
5.008492489643510946e-11
5.313807032950510367e-11
5.636493769467390382e-11
5.977468569689871043e-11
6.337691624266677929e-11
6.716747883288437561e-11
7.116954967809722030e-11
7.539405708622853200e-11
7.985244723034672817e-11
8.453907550425169453e-11
8.948219249962618529e-11
9.469478815949689735e-11
1.001697910421660524e-10
1.059616349826663095e-10
1.120426441519414297e-10
1.184246985300446971e-10
1.251709299423964601e-10
1.322484078776850556e-10
1.396986705926520977e-10
1.475101901443640417e-10
1.557285077086510453e-10
1.643731972287652260e-10
1.734646940100843365e-10
1.830243289110333806e-10
1.930362083845240535e-10
2.035177446971980992e-10
2.145710431136148370e-10
2.261387082280943151e-10
2.382865901821218236e-10
2.510415453559042812e-10
2.643803862785120990e-10
2.783784026599232654e-10
2.930656410042078288e-10
3.084733975487961166e-10
3.245722906729963829e-10
3.414522181608077579e-10
3.591481086675418518e-10
3.776249421917390768e-10
3.969850956079805512e-10
4.172674773063975812e-10
4.384305254958265520e-10
4.605906290901574948e-10
4.837910486696844689e-10
5.080767540504865989e-10
5.333960092988121763e-10
5.598867475196066149e-10
5.875988549034386416e-10
6.164714617682880170e-10
6.466607954849738667e-10
6.782220970707837841e-10
7.112127148804147726e-10
7.455576676633282170e-10
7.814411912304612179e-10
8.189266514519192663e-10
8.579265048973716975e-10
8.986486773981282056e-10
9.411630636775935819e-10
9.853677781120341973e-10
1.031497120175819925e-09
1.079628056384757259e-09
1.129840346176753638e-09
1.182010137246723270e-09
1.236411870004110809e-09
1.293133194168245415e-09
1.352030914790479055e-09
1.413413241587296256e-09
1.477376339610146625e-09
1.543755107457348731e-09
1.613170803786715560e-09
1.684901880802412284e-09
1.759884206053761040e-09
1.837643758570409673e-09
1.918582803679723987e-09
2.002820489228702291e-09
2.090480002671970811e-09
2.181323910110221730e-09
2.275819293112667458e-09
2.373706043238231984e-09
2.475486202516086687e-09
2.581301563575253372e-09
2.691298585130667452e-09
2.805628528171294151e-09
2.923968908729982962e-09
3.046425124276565095e-09
3.174136889130114081e-09
3.306258958391072120e-09
3.443461727992789242e-09
3.585923864401868296e-09
3.733229385503877061e-09
3.886123199083567017e-09
4.044799084303776853e-09
4.209456877843046541e-09
4.379606652369244318e-09
4.556104893340789845e-09
4.739167972694094724e-09
4.928242572158883088e-09
5.124277673051461599e-09
5.327507234025200868e-09
5.538172292338679661e-09
5.755624945580229178e-09
5.980952223500439005e-09
6.214414329588487058e-09
6.456279200067901307e-09
6.705790485014522242e-09
6.964190831410875126e-09
5.951711370086631058e-08
6.131436646570258546e-08
6.316125916262894159e-08
6.505902911737946977e-08
6.700894096954862200e-08
7.531801780476374860e-08
7.752791987381988952e-08
7.980715788308091749e-08
8.213726298552358889e-08
8.452951978580807448e-08
8.949529325510309559e-08
9.207130221130748429e-08
9.471501847215815842e-08
9.742804451551778249e-08
1.001995941053543883e-07
1.030558580695540121e-07
1.059733594427413396e-07
1.216974207925634837e-07
1.250782203843154256e-07
1.285446721479637571e-07
1.320987266772530372e-07
1.357259785149661543e-07
1.394440306604779549e-07
1.432549253289998395e-07
1.471607451550252188e-07
1.511636138739069355e-07
1.552471604215855679e-07
1.594502082501610449e-07
1.637374594661275279e-07
1.681097809036530074e-07
1.726088622261069581e-07
1.772175978883065728e-07
1.819169624846886321e-07
1.867297874349201312e-07
1.916585296723661984e-07
1.966826885612286997e-07
2.018502730121865627e-07
2.071173020031871712e-07
2.125093921330131371e-07
2.180292046046336363e-07
2.236794502680592117e-07
2.294628904047440987e-07
2.353552421059618198e-07
2.413851984107533985e-07
2.475556369192605847e-07
2.538694879278807347e-07
2.603000347267023209e-07
2.669090302944804019e-07
2.736394555532075300e-07
2.805241172287195740e-07
2.875661773694098908e-07
2.947355958116780166e-07
3.021014107297988937e-07
3.095996559463711040e-07
3.172669376580526319e-07
3.251066622396391126e-07
3.330851201159244060e-07
3.412793590243281099e-07
3.496177555386773119e-07
3.668530159811256852e-07
3.757157899763856810e-07
3.940713409255905130e-07
4.035294176495325683e-07
4.131934116531272482e-07
4.230673234082592591e-07
4.331080185044359682e-07
4.434130194941056758e-07
4.538910737990447964e-07
4.645936014864700198e-07
4.754735109047335024e-07
4.866368254318836693e-07
4.979840867161483725e-07
5.095711156412370789e-07
5.214024265621488831e-07
5.334826077197445058e-07
5.458163222505014696e-07
5.583488601070162742e-07
5.711420108295574430e-07
5.842005995758199913e-07
5.975295290685903621e-07
6.110692598142680623e-07
6.249525661327168661e-07
6.390541775246774660e-07
6.534437644931947825e-07
6.680566030475045991e-07
6.830364958195735137e-07
6.982474645310298970e-07
7.137648677535007964e-07
7.295941931058705160e-07
7.457410133251037667e-07
7.621321594960563282e-07
7.789294611625296392e-07
7.959794767671734796e-07
8.133668739835846334e-07
8.310123267018357191e-07
8.490906857550128082e-07
8.674358231745035895e-07
8.861391075562858796e-07
9.052067443551714349e-07
9.246450319275693550e-07
9.443646445497793127e-07
9.644640955531979857e-07
9.849498741951489347e-07
1.005828565431616369e-06
1.027106851081548788e-06
1.048686274759496313e-06
1.070674954678488388e-06
1.093079769436858461e-06
1.115907697308486913e-06
1.139052413832693835e-06
1.162745777068309859e-06
1.186766073619245963e-06
1.211233988735127389e-06
1.236034811703371149e-06
1.261417961484059997e-06
1.287144515949218516e-06
1.313344162446097832e-06
1.339893270805504423e-06
1.367059899956714732e-06
1.394586840192211543e-06
1.422613326489024731e-06
1.451147375150621279e-06
1.480197113006317214e-06
1.509624518367013783e-06
1.539578956614149230e-06
1.570068768953544171e-06
1.601102409904926340e-06
1.632531484318646917e-06
1.664675820175437549e-06
1.697227432356534816e-06
1.730352073504622084e-06
1.763890337100564786e-06
1.798013678573073738e-06
1.832905330094070546e-06
1.868051747056732294e-06
1.903984848337860257e-06
1.940356358557406511e-06
1.977539444430489308e-06
2.015173636306615623e-06
2.053258939299677418e-06
2.092187798527665582e-06
2.131580662923154103e-06
2.171640363712583913e-06
2.212376847771116944e-06
2.253590297265257014e-06
2.295493766263813413e-06
2.338097430013305935e-06
2.381411591884860580e-06
2.425446684679576273e-06
2.469985322375201266e-06
2.515258618301428005e-06
2.561277237226014071e-06
2.608051975948938239e-06
2.655350480277659476e-06
2.703419163745601577e-06
2.752269056470359809e-06
2.801911323154874795e-06
2.852097828184252044e-06
2.903091091155831799e-06
2.954902511165654842e-06
3.007543624395835292e-06
3.060749670036448412e-06
3.114800109242991403e-06
3.169706713383904991e-06
3.225481393358614717e-06
3.281841888428394090e-06
3.339384386434805792e-06
3.397527865208203922e-06
3.456270602132228333e-06
3.516236879217759836e-06
3.576817719922300090e-06
3.638333973761189396e-06
3.700798310138327477e-06
3.763890692705955148e-06
3.828284679995256360e-06
3.893322463278293858e-06
3.959349946384592832e-06
4.026026750544614150e-06
4.093709121210419742e-06
4.162774650715086739e-06
4.232143862510350662e-06
4.302923256457305040e-06
4.374381368247129656e-06
4.447288197854540232e-06
4.520890189383740736e-06
4.595184127745334128e-06
4.670974440802729176e-06
4.747473234982223606e-06
4.825092810523895534e-06
4.903847532879031743e-06
4.983323832576451080e-06
5.064386335973327506e-06
5.146187340906405072e-06
5.229169694210732712e-06
5.312894948711943347e-06
5.398278381177566778e-06
5.484421856044011872e-06
5.571793881893761103e-06
5.660409765659630086e-06
5.749798380167315307e-06
5.840941648172602173e-06
5.932875143529300428e-06
6.026101161675198839e-06
6.120121023344621063e-06
6.215972638023630871e-06
6.312635774463282012e-06
6.410641068687920752e-06
6.510004778595427423e-06
6.610743327688141656e-06
6.712873306398255488e-06
6.815844929848232198e-06
6.920226129989623806e-06
7.026033727410004812e-06
7.133284711269756360e-06
7.241996240626256552e-06
7.351579470479099953e-06
7.462641685457993935e-06
7.575822892334148555e-06
7.689903777585665150e-06
7.804876971211659997e-06
7.922030719289916369e-06
8.040095484462756579e-06
8.160394023453638513e-06
8.281622590481863951e-06
8.404456125712234156e-06
8.528913114680503429e-06
8.655012221137521204e-06
8.782061834059955104e-06
8.911492552022575353e-06
9.041893177761806940e-06
9.173993234544339351e-06
9.308560246478249321e-06
9.444126807901328892e-06
9.581451207413625891e-06
9.719775510424238978e-06
9.860665134787615529e-06
1.000337244959257083e-05
1.014710967346015790e-05
1.029350326711766970e-05
1.044094713081054439e-05
1.059110952223532835e-05
1.074234284800258350e-05
1.089549704840705651e-05
1.105059328926444816e-05
1.120853591424594869e-05
1.136759166211668456e-05
1.152865424131415157e-05
1.169174560426953695e-05
1.185688790326687275e-05
1.202410349184351846e-05
1.219341492619605779e-05
1.757311640961483875e-04
1.980881155501968435e-04
2.135910485042618137e-04
2.206176600972381465e-04
2.376148328775134903e-04
2.940502044981788262e-04
3.387615084974243749e-04
4.619709903388861711e-04
5.125729313456928258e-04
6.043118247418197142e-04
6.186652899973923243e-04
7.230168422712582093e-04
8.231776003716925966e-04
8.855183036254793199e-04
1.183060974683076971e-03
1.274778326343208599e-03
1.304178237439497989e-03
1.843905263599843192e-03
1.922950449557891657e-03
2.228919031287981533e-03
2.370814792226743142e-03
2.573262893541664043e-03
2.715866242731876205e-03
2.923828862457896176e-03
3.163408097771263239e-03
3.246718283260603775e-03
3.351667930010945005e-03
3.626135199239075273e-03
4.237644664674159942e-03
4.334919943819535125e-03
5.160895883343706754e-03
5.488912989820906099e-03
5.875318481618035417e-03
6.119609961106073012e-03
6.405514595280889859e-03
7.069734947660381852e-03
7.340428051618017556e-03
7.478901627032394361e-03
8.229945432666160507e-03
8.381870040518423284e-03
8.850252047128257318e-03
9.011095158733712154e-03
9.693102310325352536e-03
1.021894198271217774e-02
1.080144400206139652e-02
1.180641346281858725e-02
1.223268545060299944e-02
1.268997662464837681e-02
1.312149332058953552e-02
1.334142253965262676e-02
1.356428953268288932e-02
1.379012206592548397e-02
1.401933908681989027e-02
1.425119163528585850e-02
1.474604701692126124e-02
