0.68666 1.34293
0.68814 0.90379
0.68963 0.41587
0.69111 0.80875
0.69259 0.71177
0.69408 0.92209
0.69556 0.87207
0.69705 0.75442
0.69854 0.78609
0.70003 0.68644
0.70152 0.95115
0.70302 0.71645
0.70451 0.82479
0.70601 0.74243
0.70751 0.92642
0.70902 0.97097
0.71052 0.72831
0.71203 0.97460
0.71355 0.88906
0.71506 0.93050
0.71658 0.90642
0.71811 0.89691
0.71964 0.86621
0.72117 0.89176
0.72271 1.07375
0.72425 0.86826
0.72579 0.93708
0.72734 0.90724
0.72890 0.95827
0.73046 0.91681
0.73202 0.90090
0.73360 0.97852
0.73517 0.96176
0.73675 0.95523
0.73834 0.93732
0.73993 0.95860
0.74153 0.93490
0.74313 0.92879
0.74474 0.93564
0.74636 0.94434
0.74798 0.94052
0.74961 0.89056
0.75124 0.93003
0.75289 0.91039
0.75453 0.91324
0.75619 0.89849
0.75785 0.89585
0.75952 0.90333
0.76119 0.92867
0.76288 0.93004
0.76457 0.96481
0.76626 0.96618
0.76797 0.94301
0.76968 0.95398
0.77140 0.93854
0.77312 0.95355
0.77486 0.93840
0.77660 0.94598
0.77835 0.92664
0.78010 0.93408
0.78187 0.93332
0.78364 0.92168
0.78542 0.91324
0.78721 0.90566
0.78900 0.90042
0.79081 0.90150
0.79262 0.89266
0.79444 0.88221
0.79627 0.88415
0.79810 0.87512
0.79995 0.86899
0.80180 0.89075
0.80366 0.89225
0.80553 0.90334
0.80741 0.90687
0.80929 0.92116
0.81119 0.92024
0.81309 0.91630
0.81500 0.90835
0.81692 0.90520
0.81885 0.89538
0.82078 0.89251
0.82273 0.88012
0.82468 0.87841
0.82664 0.87308
0.82862 0.87105
0.83059 0.87136
0.83258 0.87056
0.83458 0.86481
0.83658 0.86312
0.83860 0.86083
0.84062 0.85782
0.84265 0.85416
0.84469 0.84427
0.84674 0.84377
0.84879 0.84830
0.85086 0.84727
0.85293 0.85366
0.85501 0.84837
0.85710 0.85289
0.85920 0.86449
0.86131 0.86565
0.86342 0.86139
0.86555 0.86901
0.86768 0.88687
0.86982 0.89377
0.87197 0.88490
0.87413 0.89114
0.87630 0.89812
0.87847 0.90267
0.88065 0.91739
0.88285 0.92174
0.88505 0.90087
0.88725 0.88755
0.88947 0.89055
0.89170 0.90346
0.89393 0.92213
0.89617 0.90932
0.89842 0.89810
0.90068 0.90379
0.90294 0.90350
0.90522 0.90348
0.90750 0.90514
0.90979 0.90351
0.91208 0.89705
0.91439 0.90437
0.91670 0.92666
0.91902 0.93718
0.92135 0.93808
0.92369 0.93607
0.92603 0.93700
0.92839 0.93482
0.93075 0.92798
0.93311 0.90597
0.93549 0.87875
0.93787 0.88087
0.94026 0.88096
0.94266 0.88865
0.94506 0.91682
0.94747 0.93679
0.94989 0.94984
0.95232 0.96778
0.95475 0.97938
0.95719 0.98493
0.95964 0.99545
0.96210 0.99150
0.96456 0.97774
0.96703 0.96043
0.96950 0.94722
0.97199 0.93927
0.97448 0.93978
0.97697 0.92956
0.97948 0.92595
0.98199 0.91749
0.98450 0.91211
0.98702 0.90701
0.98955 0.90262
0.99209 0.90137
0.99463 0.91727
0.99718 0.94938
0.99973 0.95658
1.00229 0.96708
1.00486 0.97131
1.00743 0.97862
1.01001 0.98343
1.01260 0.98376
1.01519 0.96096
1.01779 0.95127
1.02039 0.94234
1.02300 0.94506
1.02561 0.94525
1.02823 0.94898
1.03085 0.95156
1.03349 0.95004
1.03612 0.95516
1.03876 0.96219
1.04141 0.97675
1.04406 0.97856
1.04672 0.97892
1.04938 0.98670
1.05205 0.97865
1.05472 0.98104
1.05740 0.97374
1.06008 0.97059
1.06277 0.96740
1.06546 0.95749
1.06815 0.95109
1.07086 0.94177
1.07356 0.92574
1.07627 0.92237
1.07899 0.91749
1.08171 0.92392
1.08443 0.93737
1.08716 0.96102
1.08989 0.97751
1.09262 0.98639
1.09536 0.98475
1.09811 0.99467
1.10086 0.99275
1.10361 0.96604
1.10637 0.94180
1.10912 0.93628
1.11189 0.93177
1.11465 0.93992
1.11743 0.94381
1.12020 0.95317
1.12298 0.96009
1.12576 0.96737
1.12854 0.97163
1.13133 0.98074
1.13412 0.98915
1.13691 0.98527
1.13971 0.98742
1.14251 0.98517
1.14531 0.98748
1.14812 0.97890
1.15093 0.98871
1.15374 0.98937
1.15656 0.99219
1.15937 0.98951
1.16219 0.98931
1.16501 0.98180
1.16784 0.98325
1.17067 0.98175
1.17350 0.98304
1.17633 0.97696
1.17916 0.97781
1.18200 0.97792
1.18484 0.98359
1.18768 0.98284
1.19052 0.98731
1.19336 0.98960
1.19621 0.99108
1.19906 0.98567
1.20191 0.98172
1.20476 0.98400
1.20761 0.98410
1.21047 0.99161
1.21332 0.98813
1.21618 0.98609
1.21904 0.98473
1.22190 0.99270
1.22476 0.99747
1.22763 1.00002
1.23049 1.00271
1.23336 1.01566
1.23622 1.01323
1.23909 1.01533
1.24196 1.00723
1.24483 1.01117
1.24770 1.00042
1.25057 0.99090
1.25345 0.97867
1.25632 0.97088
1.25919 0.96494
1.26207 0.95633
1.26494 0.95262
1.26782 0.95391
1.27069 0.96420
1.27357 0.99527
1.27645 1.01958
1.27932 1.02906
1.28220 1.03221
1.28508 1.04004
1.28796 1.04406
1.29084 1.03103
1.29371 1.00365
1.29659 1.00418
1.29947 0.99282
1.30235 0.99741
1.30523 0.99743
1.30811 1.00041
1.31098 0.99982
1.31386 1.00765
1.31674 1.00473
1.31961 1.00982
1.32249 1.00714
1.32537 1.00644
1.32824 1.00530
1.33112 1.00405
1.33399 1.00828
1.33687 0.99477
1.33974 0.98187
1.34261 0.96856
1.34548 0.95038
1.34836 0.93115
1.35123 0.91491
1.35410 0.92296
1.35696 0.93149
1.35983 0.95962
1.36270 1.01156
1.36557 1.05039
1.36843 1.05082
1.37129 1.04856
1.37416 1.05535
1.37702 1.05416
1.37988 1.05689
1.38274 1.04103
1.38560 1.04831
1.38845 1.05395
1.39131 1.05895
1.39416 1.05651
1.39701 1.04426
1.39986 1.04366
1.40271 1.06014
1.40556 1.06759
1.40841 1.05887
1.41125 1.06467
1.41410 1.05038
1.41694 1.04568
1.41978 1.03531
1.42262 1.02883
1.42545 1.02247
1.42829 1.02138
1.43112 1.01469
1.43395 1.01392
1.43678 1.02553
1.43961 1.02457
1.44244 1.03222
1.44526 1.03040
1.44808 1.03542
1.45090 1.02757
1.45372 1.02600
1.45654 1.01961
1.45935 1.01156
1.46216 0.99839
1.46497 1.00161
1.46778 1.00927
1.47058 1.00691
1.47339 1.01730
1.47619 1.01970
1.47899 1.02242
1.48178 1.02172
1.48458 1.01988
1.48737 1.02334
1.49016 1.01696
1.49295 1.02178
1.49573 1.02249
1.49852 1.01726
1.50130 1.01363
1.50407 1.01682
1.50685 1.02389
1.50962 1.01573
1.51239 1.01988
1.51516 1.01934
1.51793 1.02068
1.52069 1.00762
1.52345 1.01151
1.52621 1.01044
1.52896 1.01807
1.53172 1.01329
1.53447 1.01254
1.53721 1.01289
1.53996 1.00935
1.54270 1.01027
1.54544 1.01277
1.54818 1.00483
1.55091 1.01344
1.55364 1.01150
1.55637 1.01170
1.55910 1.00826
1.56182 1.01022
1.56454 1.01257
1.56726 1.00913
1.56997 1.00536
1.57269 0.99932
1.57540 1.00584
1.57810 1.00820
1.58081 1.01490
1.58351 1.02079
1.58621 1.02381
1.58890 1.01158
1.59159 1.01905
1.59428 1.01236
1.59697 1.00691
1.59965 1.00348
1.60233 1.01064
1.60501 1.02519
1.60769 1.02608
1.61036 1.03090
1.61303 1.02498
1.61570 1.02065
1.61836 1.00879
1.62102 0.99848
1.62368 0.98492
1.62633 0.98051
1.62898 0.99353
1.63163 1.00744
1.63428 1.02998
1.63692 1.04764
1.63956 1.05712
1.64220 1.05483
1.64483 1.05766
1.64747 1.05245
1.65009 1.02711
1.65272 1.00766
1.65534 0.98396
1.65796 0.97106
1.66058 0.96121
1.66319 0.96152
1.66580 0.96162
1.66841 0.96180
1.67101 0.98483
1.67361 1.01911
1.67621 1.03323
1.67881 1.05139
1.68140 1.06948
1.68399 1.07167
1.68658 1.08666
1.68916 1.06952
1.69174 1.05912
1.69432 1.03582
1.69690 1.02742
1.69947 1.01711
1.70204 1.00988
1.70460 1.00390
1.70717 1.00031
1.70973 0.98503
1.71228 0.97072
1.71484 0.97063
1.71739 0.96405
1.71994 0.97373
1.72248 0.96659
1.72503 0.97263
1.72757 0.99699
1.73010 1.01730
1.73264 1.03354
1.73517 1.04787
1.73770 1.05379
1.74022 1.05610
1.74274 1.05460
1.74526 1.04705
1.74778 1.02878
1.75029 1.03107
1.75281 1.02201
1.75531 1.02908
1.75782 1.03296
1.76032 1.02808
1.76282 1.03467
1.76532 1.03355
1.76781 1.03703
1.77030 1.03592
1.77279 1.04017
1.77528 1.03810
1.77776 1.02743
1.78024 1.02114
1.78272 1.02299
1.78519 1.00601
1.78766 0.99612
1.79013 0.98510
1.79260 0.96394
1.79506 0.96353
1.79752 0.94542
1.79998 0.94523
1.80244 0.94390
1.80489 0.95231
1.80734 0.96451
1.80979 0.99009
1.81223 0.99699
1.81467 1.01867
1.81711 1.03841
1.81955 1.05601
1.82198 1.05214
1.82441 1.04400
1.82684 1.02462
1.82927 0.98464
1.83169 0.97037
1.83411 0.97779
1.83653 1.00178
1.83895 0.99888
1.84136 1.02829
1.84377 1.04322
1.84618 1.03478
1.84859 1.01411
1.85099 1.00337
1.85339 1.01786
1.85579 1.02334
1.85818 0.99631
1.86058 0.95818
1.86297 0.94312
1.86535 0.94249
1.86774 0.97966
1.87012 1.01587
1.87250 1.10134
1.87488 1.15964
1.87726 1.20320
1.87963 1.19036
1.88200 1.14172
1.88437 1.08871
1.88674 1.05927
1.88910 1.03137
1.89146 1.00833
1.89382 0.99664
1.89618 0.99296
1.89853 1.02332
1.90088 1.02637
1.90323 1.04090
1.90558 1.07034
1.90793 1.09329
1.91027 1.06221
1.91261 1.05937
1.91495 1.04157
1.91728 1.03738
1.91962 1.02991
1.92195 1.01852
1.92428 0.99648
1.92660 1.00124
1.92893 1.00221
1.93125 0.99375
1.93357 1.00949
1.93589 1.02508
1.93821 1.03502
1.94052 1.03893
1.94283 1.04315
1.94514 1.04783
1.94745 1.03326
1.94975 1.03686
1.95206 1.03955
1.95436 1.03160
1.95665 1.02975
1.95895 1.04675
1.96124 1.05007
1.96354 1.05793
1.96583 1.05668
1.96811 1.05751
1.97040 1.05706
1.97268 1.05308
1.97497 1.04945
1.97725 1.03871
1.97952 1.03616
1.98180 1.02661
1.98407 1.02830
1.98634 1.02303
1.98861 1.00571
1.99088 0.98950
1.99315 0.95220
1.99541 0.93532
1.99767 0.92574
1.99993 0.93580
2.00219 0.95510
2.00444 0.98339
2.00669 1.01890
2.00895 1.05288
2.01119 1.06695
2.01344 1.05958
2.01569 1.06580
2.01793 1.08685
2.02017 1.08735
2.02241 1.08240
2.02465 1.06544
2.02688 1.06241
2.02912 1.04300
2.03135 1.02297
2.03358 1.02094
2.03580 1.02409
2.03803 1.01350
2.04025 1.01423
2.04247 0.99607
2.04469 0.98963
2.04691 0.98871
2.04913 0.99098
2.05134 0.99404
2.05355 1.00885
2.05576 1.02139
2.05797 1.01641
2.06018 1.03311
2.06238 1.02747
2.06458 1.02889
2.06678 1.02645
2.06898 1.03689
2.07118 1.04047
2.07337 1.03945
2.07556 1.03595
2.07776 1.03492
2.07994 1.02716
2.08213 1.02294
2.08432 1.02482
2.08650 1.02202
2.08868 1.01456
2.09086 1.02355
2.09304 1.02065
2.09521 1.01167
2.09738 1.02536
2.09956 1.01951
2.10172 1.01396
2.10389 1.01922
2.10606 1.01754
2.10822 1.02589
2.11038 1.02740
2.11254 1.03344
2.11470 1.02737
2.11686 1.03590
2.11901 1.03119
2.12116 1.02721
2.12331 1.03028
2.12546 1.01933
2.12761 1.01141
2.12975 1.00798
2.13189 0.99920
2.13403 0.99169
2.13617 0.97843
2.13831 0.97039
2.14044 0.96480
2.14257 0.96440
2.14470 0.95330
2.14683 0.95567
2.14896 0.95942
2.15108 0.96385
2.15320 0.96318
2.15532 0.97276
2.15744 0.98715
2.15956 1.00584
2.16167 1.01915
2.16378 1.03053
2.16589 1.03355
2.16800 1.05362
2.17011 1.04918
2.17221 1.04677
2.17431 1.04235
2.17641 1.03256
2.17851 1.01669
2.18061 1.01444
2.18270 1.01427
2.18479 1.01091
2.18688 1.01091
2.18897 1.00491
2.19105 1.01362
2.19314 1.01338
2.19522 1.01007
2.19730 1.00191
2.19937 1.00000
2.20145 1.01784
2.20352 1.01588
2.20559 1.01826
2.20766 1.01795
2.20972 1.01715
2.21179 1.01610
2.21385 1.00785
2.21591 1.00995
2.21797 1.01189
2.22002 1.00881
2.22207 1.00995
2.22412 1.01262
2.22617 1.01458
2.22822 1.01316
2.23026 1.01465
2.23230 1.00932
2.23434 1.01130
2.23638 1.01059
2.23841 1.00589
2.24045 1.01538
2.24248 1.00105
2.24451 1.00909
2.24653 1.01000
2.24856 1.00576
2.25058 1.00492
2.25260 1.00532
2.25461 1.00931
2.25663 1.00536
2.25864 1.00544
2.26065 1.00162
2.26266 1.01076
2.26466 1.00823
2.26666 1.01202
2.26866 1.01458
2.27066 0.99950
2.27266 1.01428
2.27465 1.00631
2.27664 1.00569
2.27863 1.00543
2.28062 1.00625
2.28260 1.00709
2.28458 1.00082
2.28656 1.00450
2.28854 1.00960
2.29051 1.00853
2.29248 0.99837
2.29445 0.99495
2.29642 1.00061
2.29838 1.00197
2.30034 1.00203
2.30230 1.01829
2.30426 1.01230
2.30622 1.01942
2.30817 1.01526
2.31012 1.00937
2.31207 0.99771
2.31401 0.99967
2.31596 0.99887
2.31790 0.99065
2.31983 1.00180
2.32177 1.01109
2.32370 1.01582
2.32563 1.02284
2.32756 1.00930
2.32949 1.00506
2.33141 1.00084
2.33333 1.00221
2.33525 0.99736
2.33717 1.00495
2.33908 1.00005
2.34099 1.00436
2.34290 1.00640
2.34481 1.00116
2.34671 0.99634
2.34862 0.99463
2.35051 0.99488
2.35241 1.00658
2.35431 1.00330
2.35620 0.99871
2.35809 1.02032
2.35998 1.00696
2.36186 1.01128
2.36375 0.99803
2.36563 0.99243
2.36751 0.99064
2.36938 0.99517
2.37126 1.00055
2.37313 1.01397
2.37500 1.02335
2.37687 1.01947
2.37873 1.00172
2.38060 1.00403
2.38246 0.99888
2.38431 1.01007
2.38617 1.00160
2.38803 1.00429
2.38988 1.00793
2.39173 1.01455
2.39358 1.01307
2.39542 1.01334
2.39727 1.01712
2.39911 1.01200
2.40095 1.00998
2.40279 1.01322
2.40462 1.00930
2.40646 1.00033
2.40829 1.00610
2.41012 1.00661
2.41195 0.99413
2.41378 0.99863
2.41560 1.00713
2.41743 1.01848
2.41925 1.01491
2.42107 1.02293
2.42289 1.01692
2.42470 1.02711
2.42652 0.98938
2.42833 1.00164
2.43015 0.99661
2.43196 0.99770
2.43377 1.00741
2.43558 1.01107
2.43738 0.99866
2.43919 1.00763
2.44099 0.99676
2.44280 0.99926
2.44460 0.99418
2.44640 0.98249
2.44820 1.01408
2.45000 1.03222
2.45179 1.02527
2.45359 1.01598
2.45539 1.00633
2.45718 1.01582
2.45898 1.01064
2.46077 1.00085
2.46256 1.00436
2.46436 0.98846
2.46615 1.00118
2.46794 0.99415
2.46973 1.00833
2.47152 1.02828
2.47331 1.00659
2.47510 0.99843
2.47689 0.99119
2.47868 1.00004
2.48047 0.97153
2.48227 0.97331
2.48406 1.01101
2.48585 1.01590
2.48764 0.99858
2.48943 1.02841
2.49122 1.03190
2.49301 1.03181
2.49481 1.03311
2.49660 1.00764
2.49840 1.01480
2.50019 1.01544
2.50199 0.98852
2.50379 0.99663
2.50558 0.99034
2.50738 0.99063
2.50919 0.96936
2.51099 0.99109
2.51279 1.01023
2.51460 1.01181
2.51641 1.01851
2.51822 1.01751
2.52003 1.02531
2.52184 0.99393
2.52366 1.02066
2.52548 0.96894
2.52730 0.98850
2.52912 1.01363
2.53095 0.99628
2.53278 1.09837
2.53461 1.06784
2.53645 0.98997
2.53828 1.02252
2.53906 0.97173
2.53944 1.11817
2.53983 1.11860
2.54022 1.16119
2.54060 1.10588
2.54099 1.05682
2.54138 0.89689
2.54176 0.87820
2.54215 1.06635
2.54253 1.19664
2.54292 1.08571
2.54331 0.77212
2.54369 0.65794
2.54408 0.55589
2.54447 1.07899
2.54485 0.89074
2.54524 0.95003
2.54563 1.27177
2.54601 1.30869
2.54640 1.18173
2.54679 1.10998
2.54717 0.95289
2.54756 0.90382
2.54794 0.61931
2.54833 0.78984
2.54872 1.39736
2.54910 1.49269
2.54949 1.37993
2.54988 1.19035
2.55026 1.17013
2.55065 1.01144
2.55104 0.84823
2.55142 0.79000
2.55181 0.86439
2.55219 1.14629
2.55258 0.82416
2.55297 1.01551
2.55335 1.04881
2.55374 1.30000
2.55413 1.32645
2.55451 1.27218
2.55490 1.12945
2.55528 1.13055
2.55567 1.12919
2.55606 1.14229
2.55644 1.17949
2.55683 1.12438
2.55722 1.14070
2.55760 1.06762
2.55799 1.05856
2.55837 1.06422
2.55876 1.06943
2.55915 0.91146
2.55953 0.92428
2.55992 0.97561
2.56031 0.57638
2.56069 1.03590
2.56108 1.34645
2.56146 -13.45226
2.56185 41.74023
2.56224 10.53079
2.56262 1.23977
2.56301 -12.24113
2.56339 14.60793
2.56378 7.76851
2.56417 0.82791
2.56455 9.58216
2.56494 1.37191
2.56532 1.30618
2.56571 1.17730
2.56610 1.27582
2.56648 0.87805
2.56687 1.03926
2.56725 0.81459
2.56764 1.07214
2.56803 0.78967
2.56841 0.61830
2.56880 -0.18153
2.56919 0.69648
2.56957 0.62380
2.56996 -0.43242
2.57034 -0.58113
2.57073 1.30912
2.57112 1.24865
2.57150 1.45912
2.57189 1.30332
2.57227 0.90408
2.57266 0.95308
2.57305 0.51184
2.57343 -2.53550
2.57382 1.89090
2.57420 -3.01498
2.57459 2.07276
2.57497 1.32542
2.57536 0.05127
2.57575 0.41835
2.57613 2.43731
2.57652 4.50778
2.57690 -0.73603
2.57729 2.38734
2.57768 1.94570
2.57806 1.76737
2.57845 1.31175
2.57883 1.25846
2.57922 0.89053
2.57961 1.15062
2.57999 0.82664
2.58038 0.51142
2.58076 0.80832
2.58115 2.98376
2.58153 2.46757
2.58192 -2.44546
2.58231 2.14296
2.58269 1.74796
2.58308 -2.20461
2.58346 2.33935
2.58385 -0.90554
2.58424 0.25707
2.58462 8.90343
2.58501 -6.34532
2.58539 0.36528
2.58578 -5.13500
2.58616 -1.81125
2.58655 0.90677
2.58694 -0.14560
2.58732 -6.75748
2.58771 -4.96373
2.58809 -30.74662
2.58848 -25.85387
2.58886 -1.64606
2.58925 -4.63781
2.58964 4.69031
2.59002 4.43529
2.59041 -0.08649
2.59079 2.35428
2.59118 1.95002
2.59156 2.56157
2.59195 -0.32982
2.59234 1.72487
2.59272 1.81586
2.59311 8.22750
2.59349 -33.86049
2.59388 44.39817
2.59426 -24.21029
2.59465 28.55248
2.59504 24.21589
2.59542 -14.49550
2.59581 -219.79070
2.59619 -59.54759
2.59658 83.36851
2.59696 7.24154
2.59735 -3.48373
2.59773 2.05031
2.59812 4.30520
2.59851 1.08200
2.59889 2.19064
2.59928 1.81627
2.59966 1.12756
2.60005 0.94455
2.60043 0.98938
2.60082 -0.42584
2.60120 -3.68399
2.60159 1.78351
2.60198 11.64071
2.60236 19.23053
2.60275 -16.83977
2.60313 -76.07388
2.60352 -81.52371
2.60390 -6.31766
2.60429 98.18025
2.60467 -132.40251
2.60506 13.57426
2.60544 168.22229
2.60583 -61.16850
2.60622 98.39276
2.60660 24.15998
2.60699 16.81704
2.60737 62.53621
2.60776 -320.63506
2.60814 18.65768
2.60853 161.58497
2.60891 -62.78699
2.60930 -10.26792
2.60968 39.48908
2.61007 -2.96199
2.61045 0.11290
2.61084 1.78355
2.61123 -0.18455
2.61161 -1.12306
2.61200 3.93907
2.61238 3.76445
2.61277 -5.53499
2.61315 -32.26449
2.61354 -37.53031
2.61392 18.88867
2.61431 6.26725
2.61469 -2.69290
2.61508 -0.92432
2.61546 42.78408
2.61585 9.69477
2.61624 4318.45176
2.61662 -21.02741
2.61701 194.47304
2.61739 379.69033
2.61778 -137.57734
2.61816 -10.90981
2.61855 4.08120
2.61893 -66.48816
2.61932 -355.19456
2.61970 -135.78455
2.62009 688.84799
2.62047 48.50322
2.62086 5.58974
2.62124 0.65666
2.62163 0.86389
2.62201 -1.49336
2.62240 -0.11480
2.62278 2.39204
2.62317 1.57997
2.62355 1.66316
2.62394 1.09978
2.62433 0.75048
2.62471 1.60758
2.62510 1.02385
2.62548 2.10897
2.62587 0.04810
2.62625 -5.46783
2.62664 3.57618
2.62702 -104.43914
2.62741 65.28157
2.62779 119.28320
2.62818 315.35036
2.62856 20.91426
2.62895 -31.16540
2.62933 -38.72688
2.62972 29.50690
2.63010 37.50890
2.63049 -32.29648
2.63087 -337.11602
2.63126 -12.02571
2.63164 6.73260
2.63203 10.54555
2.63241 -66.42598
2.63280 -4.08732
2.63318 38.87097
2.63357 -2.99933
2.63395 3.03477
2.63434 -0.99903
2.63472 1.47039
2.63511 1.11025
2.63549 1.59462
2.63588 0.88429
2.63626 0.96272
2.63665 0.88702
2.63703 0.93987
2.63742 1.44688
2.63780 0.97014
2.63819 0.89015
2.63857 1.09071
2.63896 1.04261
2.63934 1.04973
2.63973 0.54713
2.64011 1.20168
2.64050 0.60829
2.64088 0.80970
2.64127 0.85485
2.64165 0.54719
2.64204 1.83098
2.64242 1.89607
2.64281 1.59430
2.64319 1.12959
2.64358 1.30741
2.64396 0.98070
2.64435 0.37224
2.64473 0.63175
2.64512 0.64624
2.64550 2.08017
2.64589 -0.53647
2.64627 1.50987
2.64666 2.03142
2.64704 1.64335
2.64743 0.89998
2.64781 1.39345
2.64820 1.23927
2.64858 0.83415
2.64897 1.05177
2.64935 1.16333
2.64974 0.82733
2.65012 1.14955
2.65051 0.94348
2.65089 1.22058
2.65127 0.24030
2.65166 0.39466
2.65204 1.84325
2.65243 5.00059
2.65281 -2.39713
2.65320 -0.77739
2.65358 1.25876
2.65397 -1.34755
2.65435 -2.61003
2.65474 1.92916
2.65512 -0.35410
2.65551 4.39852
2.65589 -5.22056
2.65628 0.20401
2.65666 1.45423
2.65705 1.41912
2.65743 1.68177
2.65782 0.77816
2.65820 0.34402
2.65859 0.68587
2.65897 5.25735
2.65935 -4.81699
2.65974 2.20928
2.66012 -53.41058
2.66051 81.55930
2.66089 6.90539
2.66128 96.42726
2.66166 -17.01236
2.66205 19.20259
2.66243 8.57498
2.66282 246.10959
2.66320 6.12126
2.66359 23.06146
2.66397 50.76600
2.66436 106.75875
2.66474 50.40920
2.66512 3093.08042
2.66551 -545.41025
2.66589 45.86637
2.66628 -70.67345
2.66666 -51.54958
2.66705 -157.23860
2.66743 -42.92270
2.66782 -129.48685
2.66820 905.93339
2.66859 733.37396
2.66897 76.14244
2.66936 -64.41864
2.66974 -105.83677
2.67012 254.64909
2.67051 -79.04129
2.67089 35.40462
2.67128 18.55820
2.67166 176.58824
2.67205 -9.41490
2.67243 576.86349
2.67282 69.72169
2.67320 -27.09237
2.67359 -835.69059
2.67397 28.59973
2.67435 17.76373
2.67474 -5.57492
2.67512 -136.72211
2.67551 -116.45081
2.67589 1.47860
2.67628 -111.30131
2.67666 -27.89718
2.67705 49.84343
2.67743 -128.51465
2.67781 -5312.37375
2.67820 13.19416
2.67858 -72.10945
2.67897 -77.23023
2.67935 -59.12767
2.67974 -96.71624
2.68012 153.97759
2.68051 -40.09106
2.68089 -88.81399
2.68127 -93.54152
2.68166 39.88223
2.68204 69.67778
2.68243 -22.68760
2.68281 -428.60487
2.68320 -15.11283
2.68358 824.64684
2.68397 -56.12137
2.68435 21.61003
2.68473 -8.22604
2.68512 27.23734
2.68550 -1149.71309
2.68589 175.19097
2.68627 45.52056
2.68666 -12.84416
2.68704 -573.64882
2.68742 -559.82264
2.68781 136.67670
2.68819 64.05422
2.68858 45.18011
2.68896 45.31496
2.68935 41.51247
2.68973 -3.05259
2.69012 -79.76633
2.69050 -693.34118
2.69088 30.69266
2.69127 47.17666
2.69165 37.55190
2.69204 -127.39412
2.69242 -33.12591
2.69280 0.58523
2.69319 5.86817
2.69357 414.52306
2.69396 45.93958
2.69434 -333.17596
2.69473 -1591.44227
2.69511 -308.03592
2.69549 173.03241
2.69588 -23.17829
2.69626 -8.88289
2.69665 -48.75674
2.69703 75.23984
2.69742 -6.18184
2.69780 -44.65668
2.69818 58.98742
2.69857 22.64980
2.69895 -35.35968
2.69934 135.87437
2.69972 8.07810
2.70011 60.51402
2.70049 -44.91207
2.70087 -11.68069
2.70126 -125.27818
2.70164 19.42093
2.70203 69.89403
2.70241 168.72486
2.70279 -3.97789
2.70318 -31.58654
2.70356 48.85064
2.70395 335.68095
2.70433 -713.06639
2.70472 -162.58926
2.70510 116.32427
2.70548 -2.15588
2.70587 -289.23624
2.70625 -36.87234
2.70664 -425.13926
2.70702 5.57115
2.70740 -4.81600
2.70779 -16.90417
2.70817 54.86638
2.70856 43.85319
2.70894 -185.22073
2.70932 40.86058
2.70971 -143.18212
2.71009 -68.39205
2.71048 171.91486
2.71086 2650.24119
2.71124 -1493.60724
2.71163 -167.09681
2.71201 -128.84312
2.71240 64.61035
2.71278 -39.66883
2.71316 -12.32847
2.71355 -304.07933
2.71393 330.56679
2.71432 6.87784
2.71470 34.42806
2.71508 -10.67743
2.71547 -4.47754
2.71585 -12.70025
2.71624 8.39906
2.71662 -1.03502
2.71700 -6.34247
2.71739 678.92370
2.71777 -127.22063
2.71816 -9.96467
2.71854 19787.19312
2.71892 -134.69487
2.71931 -114.08095
2.71969 27.28494
2.72008 7.78990
2.72046 -36.57138
2.72084 52.29517
2.72123 -393.79902
2.72161 306.47795
2.72200 -62.04503
2.72238 -88.68677
2.72276 70.88068
2.72315 7244.10511
2.72353 -18.72985
2.72392 -381.68338
2.72430 -175.06590
2.72468 29.60402
2.72507 -153.79421
2.72545 -69.25640
2.72584 61.01309
2.72622 -10.55112
2.72660 11.72282
2.72699 2.13445
2.72737 3.43371
2.72775 0.00967
2.72814 2.80746
2.72852 -0.13209
2.72891 1.25017
2.72929 0.86939
2.72967 -0.02019
2.73006 1.48391
2.73044 1.75081
2.73083 0.65056
2.73121 1.64076
2.73159 0.88539
2.73198 1.43493
2.73236 0.60144
2.73274 0.56314
2.73313 2.09384
2.73351 -0.79404
2.73390 1.95767
2.73428 -10.78363
2.73466 -33.82282
2.73505 -5.74708
2.73543 -18.62669
2.73581 -101.11699
2.73620 -16.23639
2.73658 0.48355
2.73697 -4.60676
2.73735 -1.28513
2.73773 -6.31726
2.73812 -0.43089
2.73850 15.53075
2.73888 -51.24047
2.73927 -40.08176
2.73965 -139.55835
2.74004 311.92112
2.74042 103.57275
2.74080 151.97330
2.74119 -68.32155
2.74157 -52.40192
2.74195 124.72003
2.74234 66.28828
2.74272 -35.67186
2.74311 -152.83905
2.74349 35.51777
2.74387 412.68752
2.74426 -4.31603
2.74464 -97.20550
2.74502 353.12198
2.74541 51.95493
2.74579 -173.34805
2.74617 50.89766
2.74656 -528.88786
2.74694 -6.51493
2.74733 -6.40146
2.74771 12.73061
2.74809 21.28593
2.74848 -5.35140
2.74886 -74.86253
2.74924 171.97719
2.74963 1025.41719
2.75001 130.91495
2.75039 -124.56857
2.75078 -22.88359
2.75116 28.36919
2.75155 -103.21598
2.75193 -355.91777
2.75231 695.52048
2.75270 5.72508
2.75308 -154.15891
2.75346 67.99784
2.75385 -278.27403
2.75423 -144.46606
2.75461 -3981.91481
2.75500 -32.73737
2.75538 44.81409
2.75576 -0.77359
2.75615 173.08972
2.75653 105.96315
2.75692 39.96428
2.75730 100.93868
2.75768 55.69176
2.75807 -301.82089
2.75845 -279.31845
2.75883 60.66598
2.75922 56.59502
2.75960 -154.92437
2.75998 -3940.73645
2.76037 -1583.57972
2.76075 -1518.30857
2.76113 -209.09161
2.76152 13.65997
2.76190 -57.37665
2.76228 -52.03612
2.76267 17.64231
2.76305 105.69381
2.76343 -117.07311
2.76382 132.98634
2.76420 2303.37180
2.76459 -8.45037
2.76497 -120.76817
2.76535 91.59202
2.76574 -195.31182
2.76612 -48.31253
2.76650 -216.05377
2.76689 -22.16196
2.76727 -69.07314
2.76765 160.25103
2.76804 60.26863
2.76842 656.12466
2.76880 110.61726
2.76919 411.31533
2.76957 19.25283
2.76995 -19.36440
2.77034 1393.91195
2.77072 4074.83155
2.77110 24.21138
2.77149 -2.34599
2.77187 -54.72830
2.77225 -12.07388
2.77264 -91.60387
2.77302 304.97362
2.77340 270.63903
2.77379 -163.09591
2.77417 -198.97525
2.77455 72.35117
2.77494 7.35420
2.77532 -164.01793
2.77570 287.00795
2.77609 23.66562
2.77647 18.90456
2.77685 442.75924
2.77724 118.91640
2.77762 304.59252
2.77800 256.90183
2.77839 193.95496
2.77877 19.69049
2.77915 -135.70994
2.77954 381.14363
2.77992 -7.70854
2.78030 14.57036
2.78069 -176.79104
2.78107 -982.93955
2.78145 6.29279
2.78184 239.60742
2.78222 -253.05810
2.78260 40.26529
2.78299 -125.14416
2.78337 -134.29066
2.78375 -43.90134
2.78414 669.46186
2.78452 -324.51971
2.78490 75.12649
2.78529 -4041.10607
2.78567 -60.89839
2.78605 -46.14217
2.78644 -326.63539
2.78682 146.09897
2.78720 -158.52188
2.78759 -1349.68029
2.78797 -42.08560
2.78835 -21.65170
2.78874 -100.74409
2.78912 47.18987
2.78950 10.24721
2.78988 21.84674
2.79027 8.64563
2.79065 29.93237
2.79103 -33.62994
2.79142 2.70130
2.79180 -4.44621
2.79218 -10.00074
2.79257 19.93514
2.79295 -2.08860
2.79333 1.42187
2.79372 0.55504
2.79410 4.71945
2.79448 -2.95188
2.79487 -6.46866
2.79525 -0.24781
2.79563 2.97911
2.79602 7.23769
2.79640 0.52634
2.79678 0.97501
2.79717 3.37383
2.79755 -2.15929
2.79793 -3.68904
2.79831 2.34377
2.79870 -1.10409
2.79908 4.39405
2.79946 1.42464
2.79985 0.45397
2.80023 0.47231
2.80061 0.19367
2.80100 1.05872
2.80138 -1.97011
2.80176 3.50520
2.80215 -0.96355
2.80253 -4.54563
2.80291 -15.07922
2.80330 11.20266
2.80368 -26.33816
2.80406 178.09762
2.80444 68.72098
2.80483 -26.36659
2.80521 0.16894
2.80559 18.40427
2.80631 0.69094
2.80676 5.12315
2.80722 5.32730
2.80767 13.26868
2.80813 6.33072
2.80858 4.20839
2.80904 0.04397
2.80950 -0.54357
2.80995 -0.79869
2.81041 0.11029
2.81086 1.16570
2.81132 3.08456
2.81178 1.94108
2.81223 0.91571
2.81269 1.22022
2.81314 0.93581
2.81360 1.22978
2.81405 -0.33910
2.81451 -0.42213
2.81496 -0.27334
2.81542 0.76027
2.81588 8.37444
2.81633 1.71396
2.81679 0.95125
2.81724 1.39395
2.81770 2.08368
2.81815 2.17171
2.81861 -0.22032
2.81907 0.44934
2.81952 -0.74720
2.81998 0.83969
2.82043 -3.31195
2.82089 0.25124
2.82134 4.14236
2.82180 -4.31678
2.82225 0.78842
2.82271 1.60781
2.82316 1.15104
2.82362 0.57082
2.82407 1.02211
2.82453 0.89338
2.82499 1.07786
2.82544 1.09247
2.82590 0.64901
2.82635 0.77302
2.82681 0.84561
2.82726 0.88620
2.82772 0.89603
2.82817 1.06492
2.82863 1.22319
2.82908 1.01880
2.82954 0.81494
2.82999 1.00833
2.83045 0.78997
2.83090 0.59527
2.83136 1.04236
2.83181 0.88768
2.83227 0.59801
2.83272 0.30294
2.83318 1.48835
2.83363 -0.20065
2.83409 1.31081
2.83454 2.00529
2.83500 0.17097
2.83545 0.07865
2.83591 1.47460
2.83636 0.93415
2.83682 0.16899
2.83727 0.63373
2.83773 2.18080
2.83818 0.03796
2.83864 1.08633
2.83909 1.71516
2.83955 0.87869
2.84000 1.09361
2.84046 1.06456
2.84091 0.81426
2.84137 1.12011
2.84182 0.71850
2.84228 0.94292
2.84273 1.15010
2.84319 0.90005
2.84364 0.87920
2.84410 0.95715
2.84455 0.99646
2.84501 0.76113
2.84546 0.76081
2.84592 1.04010
2.84637 0.65711
2.84683 0.48638
2.84728 0.76570
2.84773 0.45215
2.84819 0.97385
2.84864 1.05992
2.84910 0.30921
2.84955 1.04820
2.85001 1.26371
2.85046 0.77351
2.85092 0.94434
2.85137 0.83377
2.85183 0.63347
2.85228 0.51467
2.85273 1.67184
2.85319 1.11744
2.85364 0.05833
2.85410 0.88386
2.85455 4.33886
2.85501 1.41699
2.85546 0.65162
2.85592 1.03478
2.85637 0.91467
2.85682 1.05488
2.85728 1.01931
2.85773 1.08914
2.85819 1.12782
2.85864 0.77532
2.85910 1.02708
2.85955 0.93904
2.86000 1.33382
2.86046 1.18457
2.86091 1.11776
2.86137 1.06042
2.86182 0.88020
2.86228 1.15790
2.86273 0.96035
2.86318 1.01098
2.86364 0.80161
2.86409 0.71631
2.86455 0.95222
2.86500 0.92887
2.86546 0.88572
2.86591 0.89247
2.86636 0.85075
2.86682 0.82315
2.86727 0.81314
2.86773 1.73682
2.86818 1.02971
2.86863 0.84944
2.86909 0.91511
2.86954 0.66722
2.87000 1.00805
2.87045 0.97097
2.87090 0.96519
2.87136 0.60215
2.87181 0.58978
2.87227 1.59135
2.87272 1.11945
2.87317 0.90996
2.87363 1.18907
2.87408 1.37140
2.87454 1.06456
2.87499 0.94811
2.87544 0.97080
2.87590 1.00692
2.87635 0.97488
2.87680 0.76909
2.87726 0.93733
2.87771 0.95828
2.87817 1.09657
2.87862 0.86668
2.87907 1.10133
2.87953 0.75774
2.87998 1.00757
2.88043 1.04791
2.88089 0.98641
2.88134 0.99998
2.88180 0.77550
2.88225 0.97900
2.88270 0.87390
2.88316 0.99158
2.88361 0.94903
2.88406 0.66993
2.88452 1.09172
2.88497 1.31821
2.88542 0.91947
2.88588 1.10541
2.88633 0.99566
2.88679 0.99693
2.88724 0.71490
2.88769 0.86676
2.88815 0.74744
2.88860 1.29045
2.88905 1.09196
2.88951 1.12241
2.88996 1.05997
2.89041 1.11155
2.89087 1.13219
2.89132 1.05030
2.89177 1.14151
2.89223 0.95410
2.89268 0.92124
2.89313 0.97089
2.89359 0.93512
2.89404 0.98698
2.89449 1.09977
2.89495 1.13509
2.89540 1.07380
2.89585 1.12147
2.89631 1.01735
2.89676 0.97964
2.89721 1.03158
2.89767 0.95850
2.89812 0.92557
2.89857 0.85299
2.89903 0.81955
2.89948 0.99573
2.89993 0.91227
2.90039 1.29013
2.90084 1.55378
2.90129 1.15800
2.90175 1.02032
2.90220 0.83275
2.90265 1.02967
2.90310 0.92655
2.90356 0.99853
2.90401 1.14386
2.90446 0.85080
2.90492 0.90702
2.90537 0.99976
2.90582 0.91693
2.90628 1.02260
2.90673 1.09034
2.90718 0.92270
2.90763 0.96141
2.90809 0.85556
2.90854 0.90256
2.90899 0.81976
2.90945 0.94071
2.90990 1.02336
2.91035 0.99566
2.91081 0.97953
2.91126 1.00938
2.91171 0.86431
2.91216 0.96756
2.91262 0.96366
2.91307 1.07672
2.91352 0.64971
2.91398 0.77962
2.91443 0.98848
2.91488 0.85420
2.91533 1.12636
2.91579 1.02202
2.91624 0.79472
2.91669 0.88986
2.91714 0.96641
2.91760 0.90615
2.91805 1.03408
2.91850 0.99671
2.91896 1.04069
2.91941 0.97368
2.91986 0.85322
2.92031 0.87112
2.92077 0.84291
2.92122 0.84320
2.92167 0.90722
2.92212 0.57172
2.92258 0.59490
2.92303 1.37395
2.92348 0.74852
2.92393 0.94436
2.92439 0.83952
2.92484 0.99905
2.92529 1.23830
2.92574 0.95952
2.92620 0.94023
2.92665 0.99944
2.92710 0.92717
2.92755 0.91328
2.92801 0.90662
2.92846 0.89884
2.92891 1.00525
2.92936 0.88135
2.92982 0.81008
2.93027 1.10291
2.93072 0.99750
2.93117 0.94310
2.93163 0.89931
2.93208 0.91300
2.93253 0.97827
2.93298 0.90248
2.93343 0.98163
2.93389 0.93704
2.93434 0.91124
2.93479 0.97522
2.93524 0.84305
2.93570 0.92628
2.93615 0.78868
2.93660 0.93066
2.93705 0.84697
2.93751 0.77293
2.93796 0.76346
2.93841 0.84227
2.93886 0.91881
2.93931 0.91790
2.93977 0.79512
2.94022 0.91860
2.94067 0.88221
2.94112 0.74971
2.94157 1.06074
2.94203 1.05027
2.94248 0.88000
2.94293 0.66125
2.94338 0.84407
2.94383 0.79032
2.94429 0.68932
2.94474 0.96392
2.94519 0.69842
2.94564 0.90322
2.94610 0.80256
2.94655 0.73884
2.94700 0.56530
2.94745 0.69581
2.94790 0.81354
2.94835 1.04509
2.94881 1.04560
2.94926 0.89522
2.94971 0.93953
2.95016 0.92324
2.95061 0.89829
2.95107 0.89325
2.95152 0.92928
2.95197 0.90428
2.95242 0.87632
2.95287 0.70580
2.95333 0.85891
2.95378 0.80137
2.95423 0.86149
2.95468 1.10902
2.95513 1.11382
2.95558 1.03978
2.95604 0.91155
2.95649 0.96155
2.95694 0.89694
2.95739 0.98990
2.95784 1.09835
2.95830 0.96201
2.95875 0.80952
2.95920 0.90694
2.95965 0.90705
2.96010 0.97270
2.96055 0.75488
2.96101 0.88994
2.96146 0.91974
2.96191 0.79816
2.96236 0.88316
2.96281 0.90839
2.96326 0.98524
2.96371 0.83545
2.96417 0.97973
2.96462 0.85110
2.96507 0.93536
2.96552 0.86584
2.96597 0.85849
2.96642 0.88970
2.96688 0.92735
2.96733 0.85620
2.96778 0.82516
2.96823 0.81941
2.96868 0.89753
2.96913 0.65450
2.96958 0.60012
2.97004 0.82464
2.97049 0.65614
2.97094 1.08752
2.97139 1.13477
2.97184 0.78806
2.97229 1.01754
2.97274 0.91882
2.97320 0.91992
2.97365 0.96043
2.97410 0.82462
2.97455 0.93908
2.97500 0.64415
2.97545 1.06601
2.97590 0.90437
2.97635 0.90391
2.97681 0.86058
2.97726 0.86949
2.97771 1.05125
2.97816 0.95343
2.97861 0.94995
2.97906 0.76786
2.97951 1.01652
2.97996 1.05657
2.98042 0.86394
2.98087 1.04476
2.98132 1.06013
2.98177 0.98095
2.98222 0.92196
2.98267 0.99603
2.98312 0.93042
2.98357 0.83178
2.98402 0.95895
2.98448 1.00848
2.98493 0.95792
2.98538 0.80014
2.98583 0.90356
2.98628 0.94588
2.98673 1.04051
2.98718 1.02809
2.98763 0.92099
2.98808 0.94984
2.98854 0.82904
2.98899 0.92778
2.98944 0.97161
2.98989 0.99987
2.99034 0.92651
2.99079 0.82463
2.99124 0.77819
2.99169 0.93636
2.99214 0.90085
2.99259 0.94998
2.99304 0.88902
2.99350 0.92221
2.99395 0.97407
2.99440 0.78856
2.99485 0.88081
2.99530 1.04219
2.99575 0.78586
2.99620 0.99549
2.99665 0.69918
2.99710 0.77198
2.99755 0.98983
2.99800 0.78292
2.99845 0.97250
2.99891 0.85978
2.99936 0.72912
2.99981 0.90718
3.00026 1.06969
3.00071 0.90650
3.00116 0.96233
3.00161 0.88481
3.00206 0.88227
3.00251 0.89332
3.00296 0.90759
3.00341 0.90310
3.00386 0.86170
3.00431 0.86733
3.00476 0.89727
3.00522 0.87766
3.00567 0.96073
3.00612 0.77559
3.00657 0.91713
3.00702 0.87835
3.00747 0.96576
3.00792 0.83391
3.00837 0.67306
3.00882 0.95037
3.00927 0.86745
3.00972 1.01743
3.01017 0.92411
3.01062 0.94904
3.01107 0.82750
3.01152 0.93291
3.01197 0.85812
3.01242 0.90247
3.01288 0.95894
3.01333 0.87066
3.01378 0.88728
3.01423 0.86072
3.01468 0.77760
3.01513 0.90542
3.01558 1.06068
3.01603 0.98494
3.01648 0.80707
3.01693 1.00378
3.01738 0.82163
3.01783 0.78736
3.01828 0.76564
3.01873 0.83130
3.01918 0.81530
3.01963 0.93587
3.02008 0.93690
3.02053 0.99390
3.02098 0.87537
3.02143 0.95934
3.02188 1.01068
3.02233 0.53529
3.02278 0.66007
3.02323 0.91163
3.02368 1.02570
3.02413 0.93434
3.02458 1.03018
3.02503 0.88446
3.02548 0.79562
3.02593 0.92876
3.02639 0.97956
3.02684 0.83372
3.02729 0.84634
3.02774 0.83152
3.02819 0.95417
3.02864 0.94043
3.02909 0.93195
3.02954 1.01275
3.02999 1.01797
3.03044 0.99622
3.03089 0.95249
3.03134 0.76593
3.03179 0.82009
3.03224 0.73012
3.03269 1.03772
3.03314 0.66280
3.03359 0.88414
3.03404 0.98635
3.03449 0.92597
3.03494 0.90331
3.03539 1.00795
3.03584 0.88585
3.03629 0.75469
3.03674 0.72602
3.03719 0.76087
3.03764 1.13408
3.03809 0.84388
3.03854 0.96311
3.03899 0.90053
3.03944 0.94439
3.03989 0.79261
3.04034 0.96138
3.04079 0.99806
3.04124 0.98374
3.04169 1.07551
3.04214 1.04660
3.04259 0.91660
3.04304 0.89732
3.04349 0.91049
3.04394 0.90072
3.04439 1.02233
3.04484 1.05802
3.04529 1.01686
3.04574 0.86202
3.04618 0.85950
3.04663 1.01291
3.04708 1.06856
3.04753 1.06152
3.04798 0.85163
3.04843 0.85501
3.04888 0.83665
3.04933 0.83971
3.04978 1.01405
3.05023 0.94119
3.05068 0.90471
3.05113 0.94284
3.05158 0.96093
3.05203 0.60581
3.05248 1.11612
3.05293 1.04929
3.05338 1.13116
3.05383 0.90850
3.05428 0.92225
3.05473 0.80277
3.05518 0.82399
3.05563 0.84173
3.05608 0.99755
3.05653 0.97566
3.05698 0.77529
3.05743 0.99473
3.05788 0.83030
3.05833 1.03920
3.05878 0.88154
3.05923 1.02445
3.05967 0.93640
3.06012 0.88650
3.06057 0.85417
3.06102 1.08043
3.06147 0.98837
3.06192 0.86767
3.06237 0.95326
3.06282 0.76180
3.06327 0.95644
3.06372 0.86421
3.06417 0.89256
3.06462 1.01488
3.06507 0.98289
3.06552 0.92389
3.06597 1.05546
3.06642 1.00463
3.06687 0.98361
3.06732 0.99018
3.06777 0.87084
3.06821 1.11215
3.06866 0.95248
3.06911 0.97380
3.06956 0.73991
3.07001 0.83259
3.07046 0.84176
3.07091 1.06855
3.07136 0.87076
3.07181 0.93405
3.07226 0.72533
3.07271 0.95377
3.07316 1.10202
3.07361 0.82658
3.07406 0.93779
3.07451 0.99353
3.07495 0.98129
3.07540 0.90789
3.07585 1.05004
3.07630 0.96039
3.07675 0.86039
3.07720 0.86350
3.07765 0.97695
3.07810 0.92985
3.07855 1.07067
3.07900 0.95933
3.07945 1.00012
3.07990 1.01699
3.08035 0.85820
3.08079 0.70360
3.08124 0.74605
3.08169 0.79176
3.08214 0.66798
3.08259 1.04047
3.08304 0.82923
3.08349 1.17453
3.08394 1.07486
3.08439 1.03741
3.08484 0.97742
3.08529 1.02584
3.08573 0.70927
3.08618 1.05584
3.08663 0.81817
3.08708 1.01476
3.08753 1.10297
3.08798 1.10987
3.08843 0.85302
3.08888 0.89085
3.08933 0.76050
3.08978 0.79054
3.09023 0.97509
3.09067 1.10113
3.09112 1.13006
3.09157 0.93013
3.09202 0.92338
3.09247 1.13035
3.09292 0.94955
3.09337 0.96886
3.09382 0.58058
3.09427 0.94321
3.09471 0.87149
3.09516 1.07754
3.09561 0.82521
3.09606 0.91682
3.09651 0.95391
3.09696 1.01780
3.09741 1.23013
3.09786 0.85690
3.09831 1.07648
3.09875 1.13538
3.09920 1.26563
3.09965 1.01956
3.10010 1.08599
3.10055 0.95311
3.10100 1.06852
3.10145 1.09033
3.10190 0.85534
3.10235 1.02609
3.10279 0.92262
3.10324 0.86749
3.10369 1.14823
3.10414 0.70671
3.10459 1.13176
3.10504 0.62681
3.10549 1.11586
3.10594 0.68375
3.10638 0.93982
3.10683 1.02109
3.10728 0.83736
3.10773 0.87728
3.10818 1.02701
3.10863 0.97797
3.10908 0.82413
3.10953 1.01744
3.10997 1.12325
3.11042 0.89271
3.11087 0.80124
3.11132 0.95063
3.11177 0.96964
3.11222 1.32270
3.11267 0.93932
3.11311 0.92122
3.11356 1.19058
3.11401 1.01923
3.11446 1.04948
3.11491 0.93186
3.11536 0.80361
3.11581 1.01342
3.11625 0.88149
3.11670 1.09678
3.11715 1.21723
3.11760 0.99691
3.11805 0.94600
3.11850 1.01565
3.11895 0.93781
3.11939 1.10091
3.11984 0.90319
3.12029 1.02971
3.12074 1.02610
3.12119 1.04604
3.12164 0.96483
3.12209 1.01928
3.12253 1.05753
3.12298 0.89586
3.12343 0.94563
3.12388 0.96935
3.12433 0.82521
3.12478 0.88168
3.12522 0.98213
3.12567 1.08155
3.12612 0.93643
3.12657 0.97635
3.12702 1.02255
3.12747 0.72436
3.12792 0.75047
3.12836 0.98567
3.12881 1.22601
3.12926 1.04126
3.12971 0.93035
3.13016 1.24540
3.13061 1.15396
3.13105 1.05116
3.13150 1.07731
3.13195 0.95116
3.13240 0.95743
3.13285 1.04170
3.13330 1.03079
3.13374 1.07225
3.13419 1.05583
3.13464 0.91038
3.13509 1.08160
3.13554 0.97608
3.13599 0.94309
3.13643 1.08010
3.13688 1.08228
3.13733 0.98955
3.13778 1.14820
3.13823 0.97015
3.13867 1.04727
3.13912 0.82980
3.13957 0.89400
3.14002 1.01333
3.14047 1.03629
3.14092 1.07707
3.14136 1.22822
3.14181 0.90558
3.14226 1.18071
3.14271 0.92141
3.14316 1.07994
3.14360 1.01968
3.14405 0.95123
3.14450 1.12812
3.14495 1.05035
3.14540 1.02668
3.14585 0.82424
3.14629 1.07725
3.14674 1.00289
3.14719 1.17609
3.14764 1.14006
3.14809 1.08916
3.14853 1.11821
3.14898 0.95124
3.14943 1.14335
3.14988 0.82961
3.15033 1.05164
3.15077 0.97404
3.15122 1.01437
3.15167 0.91329
3.15212 1.11924
3.15257 0.93084
3.15301 0.95034
3.15346 1.08871
3.15391 0.92457
3.15436 0.83350
3.15481 1.13424
3.15526 0.94647
3.15570 1.03922
3.15615 0.88065
3.15660 1.14889
3.15705 1.25963
3.15749 1.24915
3.15794 1.13262
3.15839 0.81955
3.15884 1.19263
3.15929 1.07048
3.15973 1.04796
3.16018 1.04545
3.16063 0.94705
3.16108 1.04607
3.16153 1.02542
3.16197 1.03639
3.16242 1.02524
3.16287 1.05421
3.16332 1.08685
3.16377 1.07663
3.16421 0.99317
3.16466 1.06557
3.16511 0.92822
3.16556 0.94365
3.16601 1.07119
3.16645 0.87792
3.16690 1.06375
3.16735 0.99869
3.16780 1.09905
3.16824 1.02941
3.16869 0.92763
3.16914 1.02629
3.16959 1.00785
3.17004 1.15943
3.17048 1.00849
3.17093 0.96083
3.17138 0.98835
3.17183 0.92780
3.17227 1.04367
3.17272 1.14290
3.17317 1.02970
3.17362 0.93976
3.17407 1.05663
3.17451 0.92120
3.17496 1.11891
3.17541 0.83511
3.17586 0.95813
3.17630 1.21553
3.17675 1.02761
3.17720 1.09649
3.17765 1.11409
3.17810 1.03935
3.17854 0.94338
3.17899 1.08136
3.17944 0.99228
3.17989 1.09130
3.18033 1.01300
3.18078 1.10599
3.18123 1.04830
3.18168 0.99638
3.18212 0.99855
3.18257 1.03271
3.18302 1.15636
3.18347 1.10200
3.18391 1.08131
3.18436 1.02481
3.18481 0.94565
3.18526 0.94500
3.18571 1.20483
3.18615 1.13825
3.18660 0.95571
3.18705 1.19006
3.18750 0.95196
3.18794 1.06800
3.18839 1.10437
3.18884 1.08857
3.18929 0.98276
3.18973 0.95787
3.19018 0.89183
3.19063 1.02296
3.19108 1.02657
3.19152 0.96797
3.19197 0.60418
3.19242 1.04936
3.19287 1.15271
3.19331 1.69512
3.19376 1.12507
3.19421 1.16740
3.19466 1.22572
3.19510 1.16083
3.19555 1.18541
3.19600 1.13504
3.19645 1.16135
3.19689 1.25571
3.19734 0.98681
3.19779 0.99108
3.19824 0.61831
3.19868 1.04225
3.19913 1.13376
3.19958 1.16393
3.20003 1.15739
3.20047 1.04844
3.20092 0.86120
3.20137 0.86662
3.20182 1.11161
3.20226 1.06205
3.20271 0.85938
3.20316 1.18975
3.20361 0.92418
3.20405 1.19544
3.20450 1.53181
3.20495 0.90082
3.20540 0.90678
3.20584 0.87905
3.20629 0.60668
3.20674 1.39799
3.20718 0.83548
3.20763 1.28594
3.20808 1.22813
3.20853 1.06994
3.20897 0.93354
3.20942 0.82681
3.20987 0.94499
3.21032 0.58706
3.21076 0.93978
3.21121 1.22682
3.21166 1.41053
3.21211 1.11643
3.21255 0.99215
3.21300 0.98461
3.21345 1.28370
3.21389 1.16219
3.21434 1.07046
3.21479 0.96697
3.21524 1.11412
3.21568 0.88220
3.21613 1.24211
3.21658 1.12246
3.21703 0.94633
3.21747 1.18141
3.21792 1.38498
3.21837 0.93275
3.21881 1.09908
3.21926 0.97486
3.21971 1.23440
3.22016 0.80197
3.22060 1.20218
3.22105 0.99032
3.22150 1.06856
3.22194 1.19343
3.22239 1.78460
3.22284 1.60578
3.22329 0.31600
3.22373 1.25827
3.22418 0.62638
3.22463 0.93248
3.22507 1.77501
3.22552 1.32873
3.22597 1.05220
3.22642 1.04171
3.22686 1.27026
3.22731 1.19559
3.22776 1.14333
3.22820 1.32541
3.22865 1.16619
3.22910 0.57143
3.22955 1.25090
3.22999 1.09576
3.23044 1.03785
3.23089 1.39184
3.23133 1.51935
3.23178 1.84801
3.23223 1.14438
3.23268 1.48401
3.23312 1.19131
3.23357 0.96284
3.23402 1.25024
3.23446 1.07014
3.23491 1.08694
3.23536 1.01726
3.23581 1.07659
3.23625 1.06438
3.23670 1.20473
3.23715 1.08345
3.23759 1.24809
3.23804 0.98324
3.23849 1.08719
3.23894 1.01136
3.23938 0.93562
3.23983 1.10192
3.24028 0.97372
3.24072 1.13365
3.24117 0.83006
3.24162 1.06582
3.24206 1.16486
3.24251 1.35974
3.24296 1.00774
3.24341 1.11575
3.24385 1.00254
3.24430 0.96358
3.24475 0.87328
3.24519 1.07769
3.24564 1.11408
3.24609 0.91259
3.24653 1.22697
3.24698 1.03984
3.24743 1.38785
3.24788 1.23686
3.24832 1.38809
3.24877 0.98625
3.24922 0.84683
3.24966 1.26482
3.25011 1.19215
3.25056 0.91395
3.25100 1.36680
3.25145 1.37047
3.25190 1.40617
3.25234 1.21666
3.25279 1.13963
3.25324 1.19144
3.25368 1.11880
3.25413 1.10999
3.25458 1.02454
3.25503 0.97052
3.25547 1.10391
3.25592 1.02413
3.25637 1.08713
3.25681 1.05797
3.25726 1.05356
3.25771 1.10382
3.25815 1.12286
3.25860 1.09545
3.25905 0.97501
3.25949 0.58632
3.25994 1.18688
3.26039 1.34208
3.26083 0.35772
3.26128 1.40796
3.26173 1.68068
3.26218 1.23249
3.26262 1.27211
3.26307 0.71650
3.26352 0.95922
3.26396 1.06610
3.26441 1.20541
3.26486 1.63690
3.26530 1.23104
3.26575 1.00516
3.26620 1.09187
3.26664 1.15304
3.26709 1.02644
3.26754 0.81050
3.26798 0.91476
3.26843 1.01398
3.26888 1.26848
3.26932 1.05707
3.26977 0.61369
3.27022 0.97337
3.27066 1.24950
3.27111 1.30020
3.27156 1.66183
3.27201 0.86864
3.27245 1.33387
3.27290 1.36327
3.27335 1.60162
3.27379 1.26021
3.27424 1.38696
3.27469 1.14211
3.27513 1.09567
3.27558 1.09832
3.27603 1.04589
3.27647 1.13389
3.27692 1.07877
3.27737 1.32117
3.27781 1.14842
3.27826 1.00579
3.27871 1.10246
3.27915 0.88414
3.27960 0.95834
3.28005 1.01603
3.28049 1.28183
3.28094 1.17433
3.28139 1.09389
3.28183 1.22763
3.28228 1.33082
3.28273 1.37469
3.28317 1.28551
3.28362 1.31113
3.28407 1.07550
3.28451 1.17888
3.28496 1.04792
3.28541 1.14870
3.28585 1.23048
3.28630 1.17232
3.28675 1.10155
3.28719 1.17280
3.28764 1.24117
3.28809 1.19197
3.28853 1.17557
3.28898 1.21181
3.28943 1.15134
3.28987 1.19469
3.29032 1.38295
3.29077 1.21015
3.29121 1.03876
3.29166 1.23443
3.29211 1.43138
3.29255 1.27869
3.29300 1.22772
3.29345 1.07850
3.29389 0.84227
3.29434 1.36465
3.29479 1.49780
3.29523 0.85784
3.29568 1.11090
3.29613 1.15327
3.29657 1.49751
3.29702 1.08645
3.29747 1.17664
3.29791 1.41905
3.29836 1.26286
3.29880 0.94923
3.29925 1.18003
3.29970 0.90794
3.30014 1.27712
3.30059 1.35442
3.30104 1.50510
3.30148 1.02071
3.30193 1.05740
3.30238 1.48705
3.30282 1.30629
3.30327 1.07301
3.30372 1.29611
3.30416 1.03644
3.30461 1.19050
3.30506 1.30212
3.30550 1.11010
3.30595 0.94290
3.30640 1.22027
3.30684 1.27222
3.30729 1.18350
3.30774 1.17687
3.30818 1.05672
3.30863 1.18083
3.30908 1.22511
3.30952 1.04548
3.30997 1.16025
3.31041 0.79045
3.31086 1.27504
3.31131 1.07241
3.31175 1.29891
3.31220 0.65475
3.31265 0.57144
3.31309 0.13404
3.31354 -0.88731
3.31399 2.29396
3.31443 4.19466
3.31488 5.30358
3.31533 16.29429
3.31577 0.20878
3.31622 6.01331
3.31667 -0.43129
3.31711 4.31206
3.31756 3.24531
3.31801 -2.34658
3.31845 -1.02995
3.31890 1.36714
3.31934 1.42948
3.31979 0.57565
3.32024 0.95756
3.32068 1.85552
3.32113 1.56626
3.32158 1.48354
3.32202 1.39386
3.32247 2.04750
3.32292 1.67733
3.32336 1.31282
3.32381 1.42997
3.32426 1.24929
3.32470 1.28834
3.32515 0.90517
3.32559 1.20334
3.32604 1.21839
3.32649 1.47196
3.32693 1.23497
3.32738 0.91157
3.32783 1.26119
3.32827 1.19773
3.32872 1.13713
3.32917 1.16073
3.32961 1.20652
3.33006 1.22660
3.33051 1.22136
3.33095 1.25151
3.33140 1.35295
3.33184 1.13429
3.33229 1.22580
3.33274 1.38988
3.33318 1.37465
3.33363 1.32543
3.33408 1.17371
3.33452 1.15171
3.33497 1.30070
3.33542 1.39083
3.33586 1.44037
3.33631 1.38711
3.33675 1.15359
3.33720 1.21520
3.33765 1.07063
3.33809 1.11037
3.33854 1.07219
3.33899 1.26037
3.33943 1.06940
3.33988 1.20421
3.34033 1.00790
3.34077 1.21556
3.34122 1.16860
3.34166 1.14111
3.34211 1.22755
3.34256 1.35056
3.34300 1.35333
3.34345 1.30069
3.34390 1.10759
3.34434 1.24612
3.34479 0.90987
3.34524 0.87123
3.34568 1.23977
3.34613 0.86404
3.34657 1.59853
3.34702 1.21573
3.34747 1.32397
3.34791 1.46625
3.34836 1.19767
3.34881 1.49449
3.34925 1.17554
3.34970 1.14433
3.35015 1.14586
3.35059 1.18540
3.35104 1.01323
3.35148 1.25643
3.35193 1.36474
3.35238 1.33051
3.35282 1.05883
3.35327 1.12878
3.35372 1.38971
3.35416 1.39275
3.35461 1.40639
3.35505 1.44964
3.35550 1.76712
3.35595 1.64369
3.35639 1.32950
3.35684 1.37430
3.35729 0.54324
3.35773 1.23572
3.35818 1.48646
3.35863 1.30889
3.35907 1.34137
3.35952 1.11750
3.35996 1.26567
3.36041 0.91336
3.36086 1.17119
3.36130 1.17370
3.36175 1.47611
3.36220 1.23870
3.36264 1.61630
3.36309 1.39740
3.36353 1.21791
3.36398 1.40703
3.36443 0.95269
3.36487 1.32760
3.36570 1.22536
3.36625 1.30679
3.36680 1.29817
3.36736 1.21994
3.36791 0.86332
3.36846 1.54547
3.36901 1.72524
3.36957 1.55471
3.37012 1.27375
3.37067 1.22505
3.37122 1.34963
3.37177 1.38353
3.37233 1.30752
3.37288 1.38320
3.37343 1.31698
3.37398 1.38975
3.37454 1.19969
3.37509 1.23016
3.37564 1.35176
3.37619 1.38250
3.37674 1.20390
3.37729 1.35675
3.37785 1.34545
3.37840 1.32538
3.37895 1.29471
3.37950 1.38781
3.38005 0.96789
3.38061 1.60273
3.38116 1.92383
3.38171 1.65974
3.38226 1.10631
3.38281 1.19111
3.38336 1.33450
3.38391 1.20477
3.38447 1.36621
3.38502 1.49837
3.38557 1.40889
3.38612 1.31005
3.38667 1.36710
3.38722 1.26396
3.38777 1.43111
3.38833 1.31394
3.38888 1.44580
3.38943 1.57125
3.38998 1.38471
3.39053 1.10945
3.39108 1.24517
3.39163 0.84123
3.39218 1.39900
3.39273 1.67992
3.39329 1.37051
3.39384 1.76435
3.39439 1.23262
3.39494 1.26259
3.39549 1.41451
3.39604 1.32662
3.39659 1.32167
3.39714 1.22356
3.39769 1.38339
3.39824 1.48353
3.39879 1.59645
3.39934 1.27296
3.39990 1.45768
3.40045 1.24340
3.40100 1.35959
3.40155 1.17315
3.40210 1.40736
3.40265 1.36774
3.40320 1.26728
3.40375 1.87588
3.40430 1.58254
3.40485 1.13427
3.40540 1.20358
3.40595 1.26383
3.40650 1.30720
3.40705 1.41829
3.40760 1.52426
3.40815 1.55710
3.40870 1.45341
3.40925 1.19893
3.40980 1.19351
3.41035 1.34686
3.41090 1.53147
3.41145 1.30033
3.41200 1.28652
3.41255 1.33477
3.41310 1.17126
3.41365 1.24107
3.41420 1.28729
3.41475 1.35826
3.41530 1.42404
3.41585 1.07033
3.41640 1.77723
3.41695 1.21553
3.41750 1.45254
3.41805 1.60079
3.41860 1.37264
3.41915 1.30093
3.41970 1.35754
3.42025 1.37786
3.42080 1.36214
3.42135 1.27825
3.42190 1.23158
3.42245 1.39017
3.42300 1.26765
3.42355 1.21485
3.42410 1.27417
3.42465 1.51502
3.42520 1.17542
3.42575 1.27705
3.42630 1.18004
3.42684 1.02383
3.42739 1.06568
3.42794 1.02464
3.42849 1.30197
3.42904 1.49092
3.42959 1.37488
3.43014 1.54957
3.43069 1.38163
3.43124 1.34019
3.43179 1.40232
3.43234 1.32397
3.43289 1.34064
3.43343 1.20106
3.43398 1.32222
3.43453 1.38036
3.43508 1.45689
3.43563 1.36916
3.43618 1.33374
3.43673 0.93698
3.43728 1.29216
3.43783 1.25783
3.43837 1.37861
3.43892 1.07441
3.43947 1.27431
3.44002 1.38566
3.44057 1.76723
3.44112 1.19855
3.44167 1.36006
3.44222 1.58449
3.44276 1.38925
3.44331 1.45356
3.44386 1.14822
3.44441 1.28199
3.44496 1.51461
3.44551 1.50569
3.44605 1.33735
3.44660 1.30468
3.44715 1.50294
3.44770 1.51686
3.44825 1.43256
3.44880 1.41340
3.44934 1.47006
3.44989 1.46790
3.45044 1.38992
3.45099 1.33668
3.45154 1.42338
3.45209 1.34708
3.45263 1.33196
3.45318 1.29301
3.45373 1.64525
3.45428 1.49974
3.45483 1.46355
3.45537 1.40082
3.45592 1.22131
3.45647 1.39636
3.45702 1.42226
3.45757 1.43662
3.45811 1.55013
3.45866 1.42942
3.45921 1.38804
3.45976 1.42936
3.46030 1.38406
3.46085 1.41166
3.46140 1.53913
3.46195 1.30012
3.46249 1.56145
3.46304 1.39431
3.46359 1.38255
3.46414 1.27869
3.46469 1.62125
3.46523 1.54502
3.46578 1.47496
3.46633 1.37487
3.46688 1.54986
3.46742 1.49780
3.46797 1.34121
3.46852 1.39990
3.46906 1.49557
3.46961 1.45607
3.47016 1.37550
3.47071 1.57032
3.47125 1.67722
3.47180 1.55916
3.47235 1.46306
3.47290 1.50199
3.47344 1.55258
3.47399 1.45772
3.47454 1.34665
3.47508 1.27861
3.47563 1.32748
3.47618 1.32811
3.47672 1.41068
3.47727 1.34599
3.47782 1.43625
3.47837 1.45533
3.47891 1.42563
3.47946 1.26323
3.48001 1.33271
3.48055 1.42321
3.48110 1.58141
3.48165 1.45363
3.48219 1.45325
3.48274 1.36110
3.48329 1.47081
3.48383 1.41484
3.48438 1.44186
3.48493 1.51229
3.48547 1.44423
3.48602 1.38721
3.48657 1.40622
3.48711 1.37539
3.48766 1.52989
3.48821 1.53655
3.48875 1.54472
3.48930 1.32505
3.48985 1.44805
3.49039 1.55547
3.49094 1.44295
3.49148 1.29808
3.49203 1.55351
3.49258 1.41280
3.49312 1.61433
3.49367 1.52713
3.49422 1.58261
3.49476 1.50926
3.49531 1.51333
3.49585 1.30664
3.49640 1.45166
3.49695 1.24542
3.49749 1.44546
3.49804 1.50093
3.49858 1.48232
3.49913 1.33493
3.49968 1.55080
3.50022 1.44504
3.50077 1.55288
3.50131 1.41983
3.50186 1.40160
3.50241 1.53398
3.50295 1.47806
3.50350 1.44982
3.50404 1.42082
3.50459 1.46081
3.50514 1.57494
3.50568 1.53541
3.50623 1.65865
3.50677 1.34795
3.50732 1.62787
3.50786 1.68746
3.50841 1.43539
3.50896 1.67829
3.50950 1.40926
3.51005 1.39580
3.51059 1.57679
3.51114 1.50463
3.51168 1.75218
3.51223 1.66082
3.51277 1.57843
3.51332 1.42089
3.51386 1.49632
3.51441 1.59409
3.51496 1.49439
3.51550 1.51433
3.51605 1.57222
3.51659 1.52344
3.51714 1.58347
3.51768 1.59687
3.51823 1.50699
3.51877 1.31482
3.51932 1.53909
3.51986 1.49855
3.52041 1.69802
3.52095 1.60409
3.52150 1.69178
3.52204 1.61535
3.52259 1.52469
3.52313 1.71228
3.52368 1.47442
3.52422 1.24750
3.52477 1.68057
3.52531 1.60499
3.52586 1.46563
3.52640 1.56711
3.52695 1.74324
3.52749 1.52060
3.52804 1.73068
3.52858 1.50696
3.52913 1.52503
3.52967 1.75980
3.53022 1.61162
3.53076 1.52826
3.53131 1.38413
3.53185 1.73224
3.53240 1.57882
3.53294 1.49849
3.53348 1.95570
3.53403 1.81867
3.53457 1.74459
3.53512 1.48165
3.53566 1.62282
3.53621 1.42330
3.53675 1.59896
3.53730 1.80856
3.53784 1.55204
3.53838 1.69646
3.53893 1.64037
3.53947 1.75341
3.54002 1.54586
3.54056 1.55983
3.54111 1.46112
3.54165 1.67791
3.54220 1.82073
3.54274 1.40459
3.54328 1.65280
3.54383 1.68433
3.54437 1.59604
3.54492 1.56910
3.54546 1.56696
3.54600 1.74830
3.54655 1.43647
3.54709 1.89398
3.54764 1.74495
3.54818 1.75764
3.54872 1.56760
3.54927 1.53124
3.54981 1.66401
3.55036 1.65356
3.55090 1.79220
3.55144 1.70914
3.55199 1.59086
3.55253 1.40060
3.55308 1.54594
3.55362 1.68832
3.55416 1.67071
3.55471 1.73573
3.55525 1.82554
3.55579 1.78969
3.55634 1.66700
3.55688 1.59617
3.55743 1.41853
3.55797 1.63362
3.55851 1.61724
3.55906 1.68757
3.55960 1.57413
3.56014 1.50531
3.56069 1.73699
3.56123 1.55040
3.56177 1.56151
3.56232 1.69837
3.56286 1.75235
3.56340 1.64805
3.56395 1.44270
3.56449 1.71391
3.56503 1.61174
3.56558 1.84685
3.56612 1.63745
3.56666 1.48538
3.56721 1.56981
3.56775 1.56822
3.56829 1.69944
3.56884 1.93056
3.56938 1.38679
3.56992 1.41719
3.57047 1.47538
3.57101 1.79829
3.57155 1.34639
3.57210 1.88961
3.57264 1.49403
3.57318 1.60034
3.57373 1.59837
3.57427 1.84207
3.57481 1.76104
3.57536 1.54929
3.57590 1.49245
3.57644 1.68943
3.57698 1.68754
3.57753 1.61257
3.57807 1.57227
3.57861 1.54259
3.57916 1.64958
3.57970 1.80681
3.58024 1.68318
3.58078 1.67552
3.58133 1.61152
3.58187 1.83840
3.58241 1.68216
3.58296 1.96843
3.58350 1.88641
3.58404 1.81943
3.58458 2.13504
3.58513 1.91369
3.58567 1.54970
3.58621 1.75258
3.58675 1.92583
3.58730 1.76768
3.58784 1.85755
3.58838 1.87601
3.58892 1.67856
3.58947 1.86512
3.59001 1.97233
3.59055 1.71633
3.59109 1.71317
3.59164 1.40646
3.59218 1.82220
3.59272 1.59364
3.59326 1.64647
3.59381 1.80666
3.59435 1.72265
3.59489 1.66399
3.59543 1.68576
3.59598 1.55903
3.59652 1.95661
3.59706 1.93013
3.59760 1.78467
3.59814 1.92220
3.59869 1.73644
3.59923 1.59174
3.59977 1.85762
3.60031 1.71912
3.60086 1.81325
3.60140 1.76413
3.60194 1.67412
3.60248 1.83517
3.60302 1.79707
3.60357 1.84211
3.60411 1.68355
3.60465 1.68762
3.60519 1.71791
3.60573 1.75722
3.60628 1.86517
3.60682 1.93720
3.60736 1.72626
3.60790 1.77523
3.60844 1.98622
3.60898 1.90794
3.60953 1.76315
3.61007 1.98867
3.61061 1.64681
3.61115 1.88173
3.61169 2.00409
3.61224 1.70701
3.61278 1.78000
3.61332 1.77457
3.61386 1.89957
3.61440 1.91307
3.61494 1.81872
3.61549 1.79458
3.61603 1.84416
3.61657 2.01506
3.61711 1.73123
3.61765 2.15217
3.61819 1.62508
3.61873 1.86148
3.61928 1.93590
3.61982 1.65754
3.62036 1.84377
3.62090 1.76202
3.62144 2.08274
3.62198 2.09646
3.62252 1.70182
3.62307 1.76272
3.62361 1.86933
3.62415 2.01870
3.62469 1.97071
3.62523 1.99606
3.62577 1.81579
3.62631 2.25496
3.62686 2.07683
3.62740 2.01308
3.62794 1.89727
3.62848 1.72785
3.62902 2.17387
3.62956 2.05079
3.63010 1.66021
3.63064 1.89409
3.63118 1.82672
3.63173 1.71209
3.63227 1.91784
3.63281 1.83811
3.63335 1.76025
3.63389 1.74434
3.63443 1.52315
3.63497 1.88182
3.63551 1.86039
3.63605 1.94588
3.63659 1.80229
3.63714 1.85755
3.63768 1.74301
3.63822 1.66778
3.63876 1.79963
3.63930 1.95868
3.63984 1.88894
3.64038 1.83207
3.64092 2.08866
3.64146 1.79810
3.64200 1.75887
3.64254 1.99462
3.64309 1.95695
3.64363 1.73394
3.64417 1.98937
3.64471 1.69462
3.64525 1.80360
3.64579 1.97969
3.64633 2.17397
3.64687 2.02853
3.64741 1.83075
3.64795 1.74620
3.64849 1.85815
3.64903 2.11427
3.64957 2.01615
3.65011 1.97513
3.65065 1.80444
3.65119 2.03961
3.65173 1.97859
3.65228 2.02469
3.65282 1.99515
3.65336 2.29596
3.65390 2.33487
3.65444 2.16462
3.65498 2.29547
3.65552 1.71102
3.65606 2.07768
3.65660 1.93350
3.65714 2.12503
3.65768 2.01761
3.65822 1.65986
3.65876 2.09966
3.65930 1.88117
3.65984 2.01456
3.66038 2.06315
3.66092 1.89435
3.66146 1.79666
3.66200 2.28243
3.66254 1.67981
3.66308 1.95113
3.66362 1.85244
3.66416 2.30686
3.66470 1.73595
3.66524 1.72186
3.66578 1.64711
3.66632 2.09622
3.66686 2.05713
3.66740 2.04098
3.66794 1.96415
3.66848 2.01682
3.66902 1.98665
3.66956 2.18484
3.67010 1.88865
3.67064 2.00814
3.67118 1.97285
3.67172 1.69751
3.67226 2.11799
3.67280 1.97035
3.67334 1.82373
3.67388 2.02944
3.67442 2.15172
3.67496 2.21177
3.67550 1.92622
3.67604 2.11798
3.67658 2.03981
3.67712 2.09147
3.67766 1.88888
3.67820 2.15022
3.67874 1.92293
3.67928 2.04453
3.67982 2.28168
3.68036 1.93007
3.68090 2.17509
3.68144 2.29676
3.68198 2.23944
3.68252 1.84571
3.68306 2.24379
3.68360 1.88691
3.68414 2.02356
3.68468 2.27553
3.68522 2.39082
3.68575 2.43500
3.68629 2.26342
3.68683 2.21715
3.68737 2.08890
3.68791 2.03094
3.68845 1.76680
3.68899 1.97544
3.68953 1.96750
3.69007 2.36101
3.69061 2.19442
3.69115 1.92780
3.69169 2.13812
3.69223 2.03395
3.69277 2.35597
3.69331 2.13789
3.69385 2.05882
3.69439 2.30032
3.69492 2.31908
3.69546 2.22901
3.69600 1.86544
3.69654 1.96426
3.69708 2.03836
3.69762 3.01794
3.69816 2.37078
3.69870 1.89649
3.69924 2.00292
3.69978 1.85853
3.70032 2.26631
3.70086 2.23770
3.70140 2.27009
3.70193 2.19846
3.70247 2.34846
3.70301 2.20717
3.70355 1.93762
3.70409 2.10400
3.70463 2.07219
3.70517 2.29124
3.70571 2.30295
3.70625 2.68183
3.70679 2.36071
3.70732 2.05788
3.70786 1.99859
3.70840 1.89765
3.70894 2.36280
3.70948 2.19514
3.71002 2.53051
3.71056 2.28884
3.71110 2.17527
3.71164 2.41312
3.71218 2.38824
3.71271 2.33165
3.71325 2.25923
3.71379 2.37650
3.71433 2.28581
3.71487 2.92980
3.71541 2.47831
3.71595 2.13430
3.71649 2.33436
3.71702 2.22538
3.71756 2.32808
3.71810 2.34360
3.71864 2.40887
3.71918 2.13936
3.71972 2.24290
3.72026 2.11182
3.72080 2.17056
3.72133 2.03371
3.72187 2.16614
3.72241 2.17514
3.72295 2.23675
3.72349 2.16021
3.72403 2.49593
3.72457 2.06566
3.72510 2.09422
3.72564 2.33692
3.72618 2.17176
3.72672 1.96227
3.72726 2.22682
3.72780 2.27146
3.72834 2.07540
3.72887 1.72015
3.72941 2.17411
3.72995 2.29605
3.73049 2.53982
3.73103 2.12316
3.73157 2.27594
3.73210 2.06065
3.73264 2.21700
3.73318 2.21535
3.73372 2.19578
3.73426 2.23698
3.73480 2.26672
3.73533 2.38287
3.73587 2.15467
3.73641 2.17054
3.73695 2.47818
3.73749 2.27326
3.73803 2.27190
3.73856 2.36818
3.73910 2.01138
3.73964 2.38171
3.74018 2.55647
3.74072 2.31272
3.74126 1.98882
3.74179 2.20936
3.74233 2.27924
3.74287 2.41957
3.74341 2.24905
3.74395 2.20814
3.74448 2.24927
3.74502 2.38009
3.74556 2.34992
3.74610 2.52010
3.74664 2.04196
3.74717 2.64549
3.74771 2.11228
3.74825 2.32651
3.74879 2.50642
3.74933 2.31989
3.74987 2.37237
3.75040 2.42783
3.75094 2.51381
3.75148 2.37086
3.75202 2.52662
3.75256 2.39206
3.75309 2.33657
3.75363 2.31651
3.75417 2.37785
3.75471 2.64537
3.75524 2.50049
3.75578 2.22396
3.75632 2.62205
3.75686 2.61617
3.75740 2.58068
3.75793 2.34284
3.75847 2.35236
3.75901 2.55022
3.75955 2.34317
3.76009 2.49244
3.76062 2.61624
3.76116 2.64211
3.76170 2.54242
3.76224 2.32959
3.76277 2.63852
3.76331 2.37803
3.76385 2.66244
3.76439 2.20264
3.76493 2.21563
3.76546 2.52528
3.76600 2.17301
3.76654 2.46393
3.76708 2.30655
3.76761 2.31806
3.76815 2.19015
3.76869 2.75466
3.76923 2.17143
3.76976 2.40767
3.77030 2.36504
3.77084 2.49293
3.77138 2.31381
3.77191 2.30076
3.77245 2.56710
3.77299 2.53458
3.77353 2.24875
3.77406 2.46622
3.77460 2.38106
3.77514 2.40284
3.77568 2.62225
3.77621 2.40400
3.77675 2.51778
3.77729 2.77743
3.77783 2.48130
3.77836 2.34154
3.77890 2.47304
3.77944 2.51196
3.77998 2.71642
3.78051 2.51750
3.78105 2.46304
3.78159 2.76747
3.78213 2.40628
3.78266 2.49994
3.78320 2.44541
3.78374 2.42027
3.78428 2.51586
3.78481 2.49050
3.78535 2.37698
3.78589 2.39088
3.78643 2.47280
3.78696 2.45834
3.78750 2.52607
3.78804 2.45141
3.78857 2.56568
3.78911 2.93308
3.78965 2.55876
3.79019 2.30361
3.79072 2.71545
3.79126 2.65039
3.79180 2.95077
3.79234 2.61642
3.79287 2.70663
3.79341 2.81929
3.79395 2.74375
3.79448 2.79739
3.79502 2.76903
3.79556 2.53459
3.79610 2.57810
3.79663 2.44432
3.79717 2.55305
3.79771 2.45487
3.79824 2.62709
3.79878 2.82339
3.79932 2.39064
3.79986 2.57824
3.80039 2.58967
3.80093 2.70557
3.80147 2.66496
3.80200 2.89134
3.80254 2.69770
3.80308 2.53650
3.80361 2.43871
3.80415 2.74174
3.80469 2.69021
3.80523 2.94870
3.80576 2.63865
3.80630 2.55243
3.80684 2.80621
3.80737 2.75449
3.80791 2.78691
3.80845 2.90054
3.80898 2.79473
3.80952 2.47415
3.81006 2.58117
3.81060 2.77179
3.81113 2.65864
3.81167 2.88102
3.81221 2.75601
3.81274 2.81822
3.81328 2.62545
3.81382 2.55907
3.81435 2.75094
3.81489 2.80438
3.81543 2.91183
3.81596 2.94357
3.81650 3.09445
3.81704 2.91245
3.81757 2.84836
3.81811 2.80609
3.81865 2.97060
3.81919 2.58375
3.81972 2.50870
3.82026 2.87610
3.82080 2.65780
3.82133 2.92511
3.82187 2.76787
3.82241 2.65715
3.82294 2.78873
3.82348 2.84450
3.82402 2.90924
3.82455 2.59782
3.82509 2.50643
3.82563 2.86244
3.82616 2.89445
3.82670 2.83730
3.82724 3.12334
3.82777 3.05284
3.82831 2.80479
3.82885 2.76103
3.82938 2.73521
3.82992 2.94653
3.83046 2.72210
3.83099 2.86137
3.83153 2.97957
3.83207 3.10392
3.83260 2.74280
3.83314 2.72296
3.83368 3.01028
3.83421 2.52705
3.83475 2.77118
3.83529 2.75505
3.83582 2.92794
3.83636 2.78535
3.83690 2.66567
3.83743 2.94022
3.83797 3.20700
3.83850 2.97321
3.83904 2.75557
3.83958 2.70492
3.84011 2.80711
3.84065 2.76198
3.84119 2.71742
3.84172 2.62932
3.84226 2.46631
3.84280 2.95394
3.84333 2.72911
3.84387 2.86667
3.84441 2.86451
3.84494 2.85593
3.84548 3.03603
3.84602 3.04270
3.84655 2.92936
3.84709 2.68522
3.84762 3.18187
3.84816 3.05595
3.84870 2.95321
3.84923 2.95788
3.84977 3.09526
3.85031 2.99754
3.85084 2.88915
3.85138 3.09861
3.85192 2.99723
3.85245 3.17965
3.85299 2.86480
3.85352 2.67221
3.85406 3.31800
3.85460 3.17373
3.85513 2.72854
3.85567 3.15637
3.85621 2.73693
3.85674 3.39382
3.85728 3.03936
3.85781 3.09283
3.85835 3.13646
3.85889 3.02595
3.85942 3.09244
3.85996 3.00571
3.86050 3.35462
3.86103 2.74171
3.86157 3.24459
3.86211 3.09713
3.86264 3.14102
3.86318 3.01691
3.86371 3.06969
3.86425 2.88686
3.86479 3.31333
3.86532 3.44398
3.86586 3.27073
3.86639 3.14193
3.86693 3.32152
3.86747 3.37292
3.86800 3.28863
3.86854 3.28866
3.86908 3.01795
3.86961 3.11719
3.87015 3.04837
3.87068 2.88365
3.87122 2.68109
3.87176 2.86868
3.87229 3.17281
3.87283 2.48518
3.87337 2.93433
3.87390 3.34281
3.87444 3.24330
3.87497 3.23154
3.87551 3.38665
3.87605 3.56009
3.87658 3.14119
3.87712 3.01008
3.87765 3.17440
3.87819 2.91220
3.87873 3.42125
3.87926 3.56447
3.87980 3.31658
3.88033 3.58648
3.88087 3.18262
3.88141 3.17893
3.88194 3.40845
3.88248 2.82054
3.88301 3.30263
3.88355 3.40865
3.88409 3.21776
3.88462 3.35608
3.88516 3.32377
3.88569 3.32212
3.88623 3.02478
3.88677 2.95966
3.88730 2.85860
3.88784 3.63963
3.88837 3.45307
3.88891 3.65019
3.88945 3.60751
3.88998 3.43421
3.89052 3.34823
3.89105 3.89918
3.89159 3.85333
3.89213 3.28071
3.89266 3.64477
3.89320 3.18255
3.89373 3.18353
3.89427 3.11506
3.89481 3.03697
3.89534 3.43537
3.89588 3.24937
3.89641 3.26113
3.89695 3.35662
3.89749 3.40007
3.89802 3.80068
3.89856 3.65843
3.89909 3.55766
3.89963 3.37001
3.90017 3.64484
3.90070 3.07010
3.90124 3.30188
3.90177 3.43384
3.90231 3.47858
3.90285 3.30223
3.90338 3.19368
3.90392 3.25875
3.90445 3.28194
3.90499 3.98695
3.90552 3.30812
3.90606 3.19958
3.90660 3.40432
3.90713 3.47317
3.90767 3.29360
3.90820 3.29701
3.90874 3.58889
3.90928 3.33644
3.90981 3.33723
3.91035 3.48883
3.91088 3.29425
3.91142 3.33679
3.91195 3.77099
3.91249 3.43782
3.91303 3.85104
3.91356 3.54603
3.91410 3.52907
3.91463 3.21579
3.91517 3.12628
3.91571 3.27325
3.91624 3.64389
3.91678 3.33546
3.91731 3.96661
3.91785 3.43377
3.91838 3.49484
3.91892 3.62405
3.91946 3.40952
3.91999 3.19516
3.92053 3.60685
3.92106 3.41980
3.92160 3.22045
3.92213 3.15611
3.92267 3.25835
3.92321 3.42654
3.92374 3.47431
3.92428 3.11816
3.92481 3.68804
3.92535 3.52348
3.92589 3.18033
3.92642 3.19761
3.92696 3.44673
3.92749 3.86102
3.92803 3.56760
3.92856 3.90941
3.92910 3.41276
3.92964 3.33980
3.93017 3.57614
3.93071 3.13749
3.93124 3.84347
3.93178 3.22730
3.93231 3.70454
3.93285 3.14439
3.93339 3.32086
3.93392 3.22359
3.93446 3.41572
3.93499 3.85267
3.93553 3.62504
3.93606 3.84058
3.93660 3.63870
3.93714 3.71704
3.93767 3.92424
3.93821 3.79991
3.93874 3.74488
3.93928 3.82033
3.93981 4.07479
3.94035 3.92508
3.94089 3.82227
3.94142 3.37118
3.94196 3.91832
3.94249 4.03762
3.94303 3.48348
3.94356 3.73843
3.94410 3.60197
3.94464 3.59708
3.94517 3.49731
3.94571 3.65086
3.94624 3.81021
3.94678 3.30682
3.94731 3.75033
3.94785 3.60814
3.94838 3.83317
3.94892 3.76455
3.94946 4.10249
3.94999 3.72602
3.95053 3.75108
3.95106 3.75040
3.95160 3.69034
3.95213 3.44906
3.95267 3.60393
3.95321 3.61029
3.95374 4.28661
3.95428 3.73280
3.95481 3.65923
3.95535 3.59849
3.95588 3.71657
3.95642 3.77925
3.95696 3.63774
3.95749 3.45701
3.95803 4.14270
3.95856 3.76641
3.95910 3.71616
3.95963 3.90483
3.96017 4.01958
3.96070 4.13472
3.96124 4.04068
3.96178 4.01477
3.96231 4.18062
3.96285 3.83587
3.96338 3.71078
3.96392 4.03002
3.96445 3.88134
3.96499 3.68427
3.96553 3.76182
3.96606 3.64725
3.96660 3.77980
3.96713 4.14781
3.96767 4.29059
3.96820 4.21016
3.96874 3.96291
3.96927 3.47505
3.96981 3.91443
3.97035 3.57468
3.97088 3.63637
3.97142 4.49263
3.97195 4.35747
3.97249 4.08937
3.97302 3.79986
3.97356 3.94775
3.97410 4.13749
3.97463 3.83144
3.97517 4.21775
3.97570 3.60943
3.97624 4.07379
3.97677 3.58773
3.97731 3.62510
3.97784 3.83167
3.97838 4.17496
3.97892 4.25807
3.97945 3.65565
3.97999 3.94792
3.98052 3.92198
3.98106 4.25348
3.98159 3.97392
3.98213 3.80877
3.98267 3.55282
3.98320 3.91098
3.98374 4.35199
3.98427 4.01884
3.98481 4.02332
3.98534 3.77429
3.98588 4.62603
3.98641 4.29478
3.98695 4.09549
3.98749 4.06960
3.98802 4.22981
3.98856 3.98494
3.98909 4.44728
3.98963 4.21408
3.99016 4.19276
3.99070 4.13472
3.99124 3.95967
3.99177 4.25744
3.99231 3.79784
3.99284 4.38436
3.99338 3.80019
3.99391 3.89656
3.99445 3.66218
3.99498 4.05160
3.99552 4.32227
3.99606 3.92271
3.99659 4.34481
3.99713 4.14863
3.99766 4.08666
3.99820 4.40119
3.99873 4.25077
3.99927 4.02026
3.99981 4.08915
4.00034 4.30317
4.00088 4.08158
4.00141 3.95786
4.00195 4.30690
4.00248 4.50149
4.00302 4.39503
4.00355 4.08262
4.00409 4.37750
4.00463 4.30610
4.00516 4.75477
4.00570 4.50861
4.00623 4.09062
4.00677 4.48108
4.00730 4.58058
4.00784 3.94077
4.00838 4.10701
4.00891 4.53885
4.00945 4.49835
4.00998 4.53275
4.01052 4.55465
4.01105 4.73820
4.01159 4.39002
4.01213 4.15679
4.01266 4.76688
4.01320 4.43324
4.01373 4.73490
4.01427 4.33558
4.01480 4.54080
4.01534 4.28745
4.01588 4.12899
4.01641 3.66865
4.01695 4.23743
4.01748 4.55866
4.01802 4.20280
4.01855 4.28998
4.01909 4.14651
4.01963 4.48424
4.02016 4.91345
4.02070 4.73864
4.02123 4.61238
4.02177 4.91570
4.02230 4.98820
4.02284 4.36518
4.02337 5.10864
4.02391 4.90449
4.02445 4.64411
4.02498 4.23900
4.02552 4.69958
4.02605 4.44984
4.02659 4.56797
4.02712 4.13372
4.02766 4.10760
4.02820 4.06738
4.02873 5.00675
4.02927 4.31379
4.02980 4.19156
4.03034 4.39662
4.03088 4.21363
4.03141 4.66586
4.03195 4.89007
4.03248 4.61012
4.03302 4.41624
4.03355 4.64293
4.03409 4.82304
4.03463 4.80768
4.03516 4.38107
4.03570 4.17518
4.03623 4.51916
4.03677 4.45746
4.03730 4.68863
4.03784 4.04748
4.03838 4.93472
4.03891 4.89144
4.03945 3.93687
4.03998 4.14254
4.04052 4.81487
4.04105 4.74996
4.04159 4.12114
4.04213 4.50004
4.04266 4.98697
4.04320 4.42658
4.04373 4.48316
4.04427 5.05300
4.04481 4.80817
4.04534 5.17010
4.04588 4.77518
4.04641 4.71248
4.04695 4.28487
4.04748 5.14637
4.04802 5.16583
4.04856 4.69077
4.04909 5.51768
4.04963 4.99547
4.05016 4.99151
4.05070 4.95723
4.05124 4.61319
4.05177 4.99347
4.05231 5.22834
4.05284 5.21378
4.05338 5.19435
4.05391 5.42345
4.05445 4.67272
4.05499 5.16992
4.05552 5.24969
4.05606 5.68912
4.05659 5.14586
4.05713 4.98885
4.05767 4.82961
4.05820 4.78908
4.05874 5.20781
4.05927 5.09119
4.05981 5.08925
4.06035 5.50017
4.06088 4.94962
4.06142 4.81246
4.06195 5.04852
4.06249 4.72734
4.06303 5.37983
4.06356 5.47868
4.06410 5.51940
4.06463 4.97637
4.06517 5.16385
4.06571 4.62115
4.06624 5.30144
4.06678 5.38714
4.06731 4.94566
4.06785 5.28525
4.06839 4.90734
4.06892 5.47062
4.06946 5.02906
4.06999 5.57349
4.07053 5.17739
4.07106 5.37083
4.07160 4.86669
4.07214 5.07290
4.07267 5.29869
4.07321 5.03132
4.07375 4.89929
4.07428 5.86830
4.07482 4.49884
4.07535 4.97848
4.07589 5.04035
4.07643 4.61340
4.07696 5.43293
4.07750 4.61702
4.07803 5.36346
4.07857 5.39218
4.07911 5.14885
4.07964 5.71495
4.08018 6.21805
4.08071 4.97469
4.08125 5.62510
4.08179 5.24950
4.08232 6.31728
4.08286 5.42197
4.08339 5.24187
4.08393 5.75726
4.08447 5.19455
4.08500 5.29033
4.08554 4.90890
4.08607 5.06586
4.08661 5.24011
4.08715 4.47293
4.08768 5.73773
4.08822 5.50699
4.08876 4.90053
4.08929 5.42213
4.08983 4.93301
4.09036 5.75354
4.09090 5.14135
4.09144 4.94266
4.09197 4.78533
4.09251 4.84092
4.09305 5.71779
4.09358 4.94185
4.09412 5.33158
4.09465 4.73804
4.09519 5.43511
4.09573 4.98235
4.09626 5.21583
4.09680 5.01389
4.09734 5.37383
4.09787 6.06137
4.09841 4.88028
4.09894 6.22115
4.09948 6.17121
4.10002 6.21058
4.10055 5.53624
4.10109 6.72827
4.10163 4.97635
4.10216 5.04413
4.10270 6.14838
4.10323 5.69138
4.10377 5.88022
4.10431 5.65280
4.10484 4.76230
4.10538 5.52791
4.10592 6.51895
4.10645 5.43165
4.10699 6.06027
4.10753 5.46486
4.10806 4.15509
4.10860 5.52407
4.10913 6.23544
4.10967 6.06795
4.11021 4.99695
4.11074 6.13688
4.11128 5.30942
4.11182 4.79899
4.11235 5.30678
4.11289 4.95063
4.11343 5.34086
4.11396 7.42971
4.11450 6.41249
4.11504 5.88586
4.11557 5.13977
4.11611 5.84261
4.11664 5.75348
4.11718 4.78181
4.11772 5.07398
4.11825 5.25001
4.11879 4.51733
4.11933 4.91326
4.11986 5.11296
4.12040 5.24892
4.12094 5.54546
4.12147 5.39665
4.12201 4.73071
4.12255 5.86946
4.12308 5.74622
4.12362 6.12965
4.12416 5.00005
4.12469 4.40062
4.12523 5.93716
4.12577 5.98895
4.12630 7.02470
4.12684 4.97735
4.12738 4.81085
4.12791 6.01396
4.12845 5.77855
4.12899 5.97014
4.12952 5.95772
4.13006 5.04952
4.13060 4.09998
4.13113 5.15747
4.13167 4.80499
4.13221 5.43779
4.13274 5.49492
4.13328 5.35244
4.13382 4.74707
4.13435 4.90984
4.13489 5.04763
4.13543 6.03866
4.13596 4.99553
4.13650 4.82485
4.13704 4.99945
4.13757 5.57556
4.13811 5.21730
4.13865 6.17877
4.13918 4.35709
4.13972 3.54323
4.14026 5.08255
4.14079 6.02831
4.14133 5.64452
4.14187 5.41314
4.14240 5.92438
4.14294 5.60572
4.14348 4.66016
4.14401 4.65683
4.14455 4.87807
4.14509 5.69987
4.14563 5.87720
4.14616 6.30428
4.14670 5.15954
4.14724 5.64171
4.14777 5.70238
4.14831 5.99704
4.14885 6.13909
4.14938 4.84227
4.14992 4.35855
4.15046 5.12243
4.15099 5.21352
4.15153 5.23383
4.15207 5.62083
4.15261 5.27604
4.15314 3.78744
4.15368 3.07603
4.15422 5.15790
4.15475 4.47724
4.15529 5.46547
4.15583 5.63514
4.15636 4.65023
4.15690 5.83181
4.15744 5.63469
4.15798 5.70929
4.15851 4.64999
4.15905 3.21522
4.15959 4.84586
4.16012 5.38116
4.16066 4.89453
4.16120 5.55360
4.16174 4.92230
4.16227 4.87761
4.16281 5.70717
4.16335 4.19689
4.16388 4.10290
4.16442 4.15809
4.16496 4.64650
4.16550 4.86697
4.16603 4.74181
4.16657 4.64855
4.16711 4.26207
4.16764 4.26959
4.16818 5.46521
4.16872 3.00196
4.16926 4.59271
4.16979 3.11558
4.17033 3.74261
4.17087 1.66750
4.17141 3.37023
4.17194 4.62816
4.17248 2.77941
4.17302 4.41834
4.17355 3.88996
4.17409 2.17211
4.17463 2.05505
4.17517 3.18707
4.17570 1.15762
4.17624 1.61624
4.17678 2.44083
4.17732 0.68896
4.17785 1.23416
4.17839 1.24160
4.17893 1.96524
4.17947 -1.18012
4.18000 -0.85156
4.18054 -0.62457
4.18108 -0.90233
4.18162 -1.24731
4.18215 -2.17179
4.18269 -3.91746
4.18323 -2.57522
4.18377 -1.82524
4.18430 -0.20696
4.18484 -0.65120
4.18538 -2.06585
4.18592 -0.71789
4.18645 -1.04470
4.18699 -1.30997
4.18753 -2.32417
4.18807 -5.32098
4.18860 -4.76556
4.18914 -4.81684
4.18968 -6.07069
4.19022 2.91297
4.19075 -5.39929
4.19129 23.29391
4.19183 -0.57151
4.19237 -2.81966
4.19291 0.62975
4.19344 -10.69598
4.19398 -45.20202
4.19452 4.16537
4.19506 9.97670
4.19559 11.28046
4.19613 -6.63179
4.19667 64.36238
4.19721 -194.32431
4.19775 4.58962
4.19828 -4.61581
4.19882 1.85350
4.19936 4.73802
4.19990 -245.94897
4.20043 4.52058
4.20097 -4.42057
4.20151 -7.86972
4.20205 -9.90764
4.20259 -19.65080
4.20312 1.53856
4.20366 82.31660
4.20420 -4.76226
4.20474 -43.63703
4.20528 -1.35540
4.20581 -2.95234
4.20635 29.29327
4.20689 34.32438
4.20743 49.04646
4.20797 18.58488
4.20850 -2.11839
4.20904 4.98926
4.20958 73.01066
4.21012 24.90082
4.21066 13.87099
4.21119 -46.84070
4.21173 -9.39086
4.21227 2.08398
4.21281 -2975.34028
4.21335 177.57007
4.21388 -186.59584
4.21442 -128.19794
4.21496 -4.15061
4.21550 -2.33959
4.21604 7.00419
4.21658 -20.54592
4.21711 19.99300
4.21765 5.84509
4.21819 212.49408
4.21873 -85.30897
4.21927 -37.98049
4.21980 -620.15776
4.22034 270.25063
4.22088 30.51487
4.22142 97.12246
4.22196 -130.69760
4.22250 77.51153
4.22303 11.68539
4.22357 166.85627
4.22411 -148.82404
4.22465 12.57472
4.22519 -4.76568
4.22573 -14.75486
4.22626 8.23200
4.22680 -113.44583
4.22734 -10.46368
4.22788 5.22954
4.22842 49.81124
4.22896 0.68311
4.22950 -30.62270
4.23003 5.26389
4.23057 15.94421
4.23111 -2.29333
4.23165 -59.58748
