0.68729 1.33717
0.68877 1.27508
0.69025 1.05150
0.69173 2.85183
0.69322 1.17899
0.69470 1.11609
0.69619 0.81831
0.69768 1.26773
0.69917 1.14671
0.70066 0.74546
0.70215 0.32906
0.70365 0.81203
0.70514 0.16567
0.70664 -0.89285
0.70814 1.28864
0.70965 1.14999
0.71116 0.55136
0.71267 0.55467
0.71419 0.55703
0.71570 1.04398
0.71723 0.60774
0.71875 0.62826
0.72028 0.61242
0.72182 0.79729
0.72336 0.53209
0.72490 0.65648
0.72645 0.61481
0.72800 0.85123
0.72956 0.81004
0.73112 0.89826
0.73269 0.67887
0.73426 0.64330
0.73584 0.77421
0.73742 0.87600
0.73901 0.80037
0.74060 0.76920
0.74220 0.75159
0.74381 0.66293
0.74542 0.87208
0.74704 0.66654
0.74867 0.69395
0.75030 0.73985
0.75194 0.79004
0.75358 0.78106
0.75523 0.78899
0.75689 0.80128
0.75855 0.77550
0.76022 0.78234
0.76190 0.75149
0.76359 0.79919
0.76528 0.75410
0.76698 0.76827
0.76869 0.74850
0.77040 0.77267
0.77212 0.73152
0.77385 0.76272
0.77559 0.75139
0.77733 0.77138
0.77909 0.76043
0.78084 0.76301
0.78261 0.76666
0.78439 0.76621
0.78617 0.76706
0.78796 0.77155
0.78976 0.77541
0.79157 0.78326
0.79338 0.77749
0.79521 0.78423
0.79704 0.78610
0.79888 0.78193
0.80073 0.78052
0.80258 0.79017
0.80445 0.78106
0.80632 0.79546
0.80820 0.78511
0.81009 0.78336
0.81199 0.78075
0.81389 0.78915
0.81581 0.77230
0.81773 0.79071
0.81966 0.78884
0.82160 0.79458
0.82355 0.78478
0.82551 0.79648
0.82747 0.79579
0.82945 0.80503
0.83143 0.79585
0.83342 0.80000
0.83542 0.78953
0.83743 0.79303
0.83945 0.78654
0.84147 0.79092
0.84351 0.80452
0.84555 0.79843
0.84760 0.79800
0.84966 0.80341
0.85173 0.79611
0.85381 0.79796
0.85589 0.79896
0.85798 0.80193
0.86009 0.79065
0.86220 0.78824
0.86432 0.79701
0.86645 0.79752
0.86858 0.79361
0.87073 0.78561
0.87288 0.78886
0.87504 0.78774
0.87721 0.78146
0.87939 0.78328
0.88158 0.79301
0.88377 0.79321
0.88598 0.78646
0.88819 0.79668
0.89041 0.78841
0.89264 0.79079
0.89487 0.78776
0.89712 0.79349
0.89937 0.78869
0.90163 0.78977
0.90390 0.78665
0.90618 0.78836
0.90846 0.78929
0.91075 0.78717
0.91305 0.78958
0.91536 0.78449
0.91768 0.78708
0.92000 0.79222
0.92234 0.78677
0.92468 0.78875
0.92702 0.78634
0.92938 0.78289
0.93174 0.78064
0.93411 0.78869
0.93649 0.77759
0.93888 0.77777
0.94127 0.76325
0.94367 0.76943
0.94608 0.77455
0.94849 0.77414
0.95091 0.77167
0.95334 0.77503
0.95578 0.77750
0.95822 0.77196
0.96068 0.77863
0.96313 0.78485
0.96560 0.78053
0.96807 0.78229
0.97055 0.78384
0.97303 0.78310
0.97553 0.79132
0.97803 0.78758
0.98053 0.78919
0.98304 0.78675
0.98556 0.79230
0.98809 0.78770
0.99062 0.78774
0.99316 0.79228
0.99570 0.79718
0.99825 0.79144
1.00081 0.79688
1.00337 0.79203
1.00594 0.79034
1.00852 0.79349
1.01110 0.79474
1.01369 0.78816
1.01628 0.79367
1.01888 0.79709
1.02149 0.79329
1.02410 0.79515
1.02671 0.79213
1.02933 0.79729
1.03196 0.79674
1.03459 0.79453
1.03723 0.79773
1.03988 0.80279
1.04253 0.79359
1.04518 0.79224
1.04784 0.79559
1.05050 0.79969
1.05317 0.79177
1.05585 0.79584
1.05853 0.79415
1.06121 0.79482
1.06390 0.79496
1.06659 0.79731
1.06929 0.79289
1.07200 0.79777
1.07470 0.79295
1.07742 0.79320
1.08013 0.79646
1.08285 0.79296
1.08558 0.80580
1.08831 0.79919
1.09104 0.79862
1.09378 0.79854
1.09652 0.79418
1.09927 0.79327
1.10202 0.79263
1.10477 0.79598
1.10753 0.79296
1.11029 0.79526
1.11305 0.78452
1.11582 0.78877
1.11859 0.78864
1.12137 0.78643
1.12415 0.78176
1.12693 0.77288
1.12972 0.77665
1.13251 0.76872
1.13530 0.77768
1.13809 0.77636
1.14089 0.77635
1.14369 0.77646
1.14650 0.78209
1.14930 0.78276
1.15211 0.78522
1.15493 0.78099
1.15774 0.78655
1.16056 0.79035
1.16338 0.79487
1.16620 0.79438
1.16903 0.79672
1.17186 0.79706
1.17469 0.80742
1.17752 0.79826
1.18036 0.79325
1.18319 0.79886
1.18603 0.79544
1.18887 0.80137
1.19172 0.80633
1.19456 0.80849
1.19741 0.80733
1.20026 0.81020
1.20311 0.80387
1.20596 0.79753
1.20881 0.80869
1.21167 0.80304
1.21453 0.80162
1.21739 0.80282
1.22025 0.80526
1.22311 0.81601
1.22597 0.80974
1.22883 0.80981
1.23170 0.81224
1.23456 0.81852
1.23743 0.81276
1.24030 0.81788
1.24317 0.81299
1.24604 0.81656
1.24891 0.81448
1.25178 0.81772
1.25466 0.81897
1.25753 0.81871
1.26040 0.82994
1.26328 0.81920
1.26615 0.82506
1.26903 0.82796
1.27191 0.82528
1.27478 0.82505
1.27766 0.81802
1.28054 0.81949
1.28341 0.83146
1.28629 0.82167
1.28917 0.82478
1.29205 0.82497
1.29493 0.82288
1.29781 0.82358
1.30068 0.82287
1.30356 0.82160
1.30644 0.82219
1.30932 0.81634
1.31219 0.82749
1.31507 0.82102
1.31795 0.82185
1.32083 0.82128
1.32370 0.81325
1.32658 0.81968
1.32945 0.82047
1.33233 0.81827
1.33520 0.82798
1.33808 0.81193
1.34095 0.81665
1.34382 0.80646
1.34669 0.81365
1.34957 0.81291
1.35244 0.80425
1.35530 0.79100
1.35817 0.77618
1.36104 0.75569
1.36391 0.72193
1.36677 0.71673
1.36964 0.69218
1.37250 0.67986
1.37536 0.69446
1.37822 0.70694
1.38108 0.71206
1.38394 0.72231
1.38680 0.72632
1.38965 0.72214
1.39251 0.71728
1.39536 0.72709
1.39821 0.73786
1.40107 0.73961
1.40391 0.75144
1.40676 0.75189
1.40961 0.75476
1.41245 0.75841
1.41529 0.76517
1.41814 0.76821
1.42098 0.78822
1.42381 0.78482
1.42665 0.79285
1.42948 0.79548
1.43232 0.79755
1.43515 0.80555
1.43797 0.80760
1.44080 0.80388
1.44363 0.80394
1.44645 0.80741
1.44927 0.81263
1.45209 0.81610
1.45491 0.81784
1.45772 0.82119
1.46053 0.82263
1.46335 0.83183
1.46615 0.82420
1.46896 0.83360
1.47177 0.83511
1.47457 0.83198
1.47737 0.83075
1.48017 0.82694
1.48296 0.83857
1.48576 0.83782
1.48855 0.84173
1.49134 0.84443
1.49412 0.85154
1.49691 0.85580
1.49969 0.84801
1.50247 0.86097
1.50524 0.85589
1.50802 0.85927
1.51079 0.86063
1.51356 0.86664
1.51633 0.86105
1.51909 0.86519
1.52185 0.86248
1.52461 0.86856
1.52737 0.86792
1.53012 0.86962
1.53287 0.86940
1.53562 0.86935
1.53837 0.87393
1.54111 0.86714
1.54385 0.86882
1.54659 0.87520
1.54933 0.87429
1.55206 0.87409
1.55479 0.87559
1.55752 0.87440
1.56024 0.88209
1.56297 0.87118
1.56569 0.87514
1.56840 0.87877
1.57112 0.88013
1.57383 0.88194
1.57654 0.88134
1.57924 0.89052
1.58194 0.88093
1.58464 0.88164
1.58734 0.88653
1.59004 0.88836
1.59273 0.88515
1.59541 0.88144
1.59810 0.88923
1.60078 0.88418
1.60346 0.88740
1.60614 0.89191
1.60881 0.89600
1.61148 0.89412
1.61415 0.89662
1.61682 0.89671
1.61948 0.87734
1.62214 0.88617
1.62480 0.89629
1.62745 0.88734
1.63010 0.89090
1.63275 0.89040
1.63539 0.89398
1.63803 0.88893
1.64067 0.90126
1.64331 0.90105
1.64594 0.90099
1.64857 0.89246
1.65120 0.89639
1.65382 0.89074
1.65644 0.89375
1.65906 0.88960
1.66168 0.89149
1.66429 0.89755
1.66690 0.90293
1.66951 0.89270
1.67211 0.89888
1.67471 0.89945
1.67731 0.90411
1.67990 0.90229
1.68249 0.90915
1.68508 0.89741
1.68767 0.89832
1.69025 0.89747
1.69283 0.90678
1.69541 0.90127
1.69798 0.90938
1.70055 0.89966
1.70312 0.90013
1.70568 0.90221
1.70825 0.90313
1.71080 0.89542
1.71336 0.89707
1.71591 0.90568
1.71846 0.90453
1.72101 0.90044
1.72356 0.90512
1.72610 0.90126
1.72864 0.91744
1.73117 0.90627
1.73370 0.91793
1.73623 0.91233
1.73876 0.90747
1.74129 0.90678
1.74381 0.90814
1.74632 0.90631
1.74884 0.91078
1.75135 0.91041
1.75386 0.91448
1.75637 0.92731
1.75887 0.91131
1.76137 0.91025
1.76387 0.91645
1.76637 0.90698
1.76886 0.91442
1.77135 0.91378
1.77384 0.91551
1.77632 0.92174
1.77880 0.91478
1.78128 0.89924
1.78376 0.90539
1.78623 0.90581
1.78870 0.90655
1.79117 0.91396
1.79364 0.90198
1.79610 0.92067
1.79856 0.90582
1.80102 0.90366
1.80347 0.88659
1.80592 0.89224
1.80837 0.88784
1.81082 0.87872
1.81326 0.88077
1.81570 0.87887
1.81814 0.88047
1.82057 0.86914
1.82301 0.85775
1.82544 0.84219
1.82787 0.84219
1.83029 0.82270
1.83271 0.83044
1.83513 0.83054
1.83755 0.80258
1.83996 0.75526
1.84238 0.78565
1.84479 0.77608
1.84719 0.74632
1.84960 0.75941
1.85200 0.77341
1.85440 0.79721
1.85680 0.78193
1.85919 0.79780
1.86158 0.76876
1.86397 0.77052
1.86636 0.80084
1.86874 0.80541
1.87113 0.81371
1.87351 0.82404
1.87588 0.77561
1.87826 0.76292
1.88063 0.77040
1.88300 0.77621
1.88537 0.80402
1.88773 0.83256
1.89010 0.82942
1.89246 0.83045
1.89481 0.84017
1.89717 0.82321
1.89952 0.82282
1.90187 0.83479
1.90422 0.82037
1.90657 0.80851
1.90891 0.80604
1.91125 0.80959
1.91359 0.80628
1.91593 0.83984
1.91827 0.84642
1.92060 0.83777
1.92293 0.84757
1.92526 0.85068
1.92758 0.87164
1.92991 0.85928
1.93223 0.88604
1.93455 0.87656
1.93687 0.88159
1.93918 0.88839
1.94149 0.90622
1.94380 0.91345
1.94611 0.90083
1.94842 0.91286
1.95072 0.94092
1.95302 0.93251
1.95532 0.93323
1.95762 0.94113
1.95992 0.94819
1.96221 0.92957
1.96450 0.92525
1.96679 0.93134
1.96908 0.93549
1.97136 0.93351
1.97365 0.93360
1.97593 0.94114
1.97821 0.93677
1.98048 0.93432
1.98276 0.94366
1.98503 0.95381
1.98730 0.95383
1.98957 0.95784
1.99183 0.96996
1.99410 0.97237
1.99636 0.97813
1.99862 0.99205
2.00088 1.00954
2.00314 1.02751
2.00539 1.02011
2.00764 0.97533
2.00989 0.96503
2.01214 0.96113
2.01439 0.96788
2.01663 0.97090
2.01887 0.96194
2.02111 0.94445
2.02335 0.95489
2.02559 0.95524
2.02782 0.95964
2.03006 0.96384
2.03229 0.96044
2.03451 0.96057
2.03674 0.96915
2.03897 0.97192
2.04119 0.97601
2.04341 0.97913
2.04563 0.97071
2.04784 0.98259
2.05006 0.99032
2.05227 0.99653
2.05448 0.99638
2.05669 0.99494
2.05890 0.98054
2.06111 0.96779
2.06331 0.97268
2.06551 0.98923
2.06771 0.97207
2.06991 0.96966
2.07210 0.96729
2.07430 0.96581
2.07649 0.96811
2.07868 0.97726
2.08087 0.97287
2.08305 0.96989
2.08524 0.97755
2.08742 0.98151
2.08960 0.97701
2.09178 0.96486
2.09395 0.96984
2.09613 0.97173
2.09830 0.96878
2.10047 0.95620
2.10264 0.96694
2.10480 0.97822
2.10697 0.90709
2.10913 0.97914
2.11129 0.97101
2.11345 0.96643
2.11561 0.96390
2.11776 0.96617
2.11992 0.97279
2.12207 0.97936
2.12422 0.97723
2.12636 0.98002
2.12851 0.97506
2.13065 0.98694
2.13279 0.97755
2.13493 0.98683
2.13707 0.97928
2.13921 0.98096
2.14134 0.97927
2.14347 0.98470
2.14560 0.98531
2.14773 0.99647
2.14985 0.99186
2.15198 0.99064
2.15410 0.98214
2.15622 0.99280
2.15833 0.99384
2.16045 0.98656
2.16256 0.98114
2.16467 0.99497
2.16678 0.99678
2.16889 0.98430
2.17099 0.98559
2.17310 0.99484
2.17520 0.98838
2.17730 0.99092
2.17939 0.98580
2.18149 0.99849
2.18358 0.99341
2.18567 0.99064
2.18776 0.99383
2.18985 1.00754
2.19193 1.00284
2.19401 1.00510
2.19609 0.99300
2.19817 0.98820
2.20025 1.00000
2.20232 0.99235
2.20439 1.00048
2.20646 0.98118
2.20853 0.99671
2.21059 0.99617
2.21266 0.99856
2.21472 1.00112
2.21678 0.98222
2.21883 0.99180
2.22089 0.99260
2.22294 0.99752
2.22499 1.01118
2.22703 1.02488
2.22908 1.01531
2.23112 0.99860
2.23316 0.98401
2.23520 0.98392
2.23724 0.99774
2.23927 0.99985
2.24130 1.00333
2.24333 1.00360
2.24536 1.00314
2.24738 0.99294
2.24941 0.99681
2.25143 1.00984
2.25345 1.00960
2.25546 0.99999
2.25747 1.00254
2.25949 1.00282
2.26149 1.00264
2.26350 0.98864
2.26550 1.00642
2.26751 1.00194
2.26951 1.00755
2.27150 1.02564
2.27350 1.01461
2.27549 1.00912
2.27748 0.99410
2.27947 1.01408
2.28145 1.01878
2.28343 1.02050
2.28541 1.01695
2.28739 1.01359
2.28937 1.02059
2.29134 1.00914
2.29331 1.02719
2.29528 1.02504
2.29725 1.02850
2.29921 1.02179
2.30117 1.00933
2.30313 1.01711
2.30509 1.00670
2.30704 1.01476
2.30899 1.01727
2.31094 1.01276
2.31289 0.99980
2.31483 1.01755
2.31677 1.02319
2.31871 1.01893
2.32065 1.01898
2.32258 1.01221
2.32452 1.02035
2.32645 1.01957
2.32837 1.02328
2.33030 1.03331
2.33222 1.01704
2.33414 1.00678
2.33606 1.04097
2.33797 1.01402
2.33989 1.01302
2.34180 1.01828
2.34371 1.03255
2.34561 1.03170
2.34751 1.02208
2.34942 1.02902
2.35131 1.03344
2.35321 1.02332
2.35510 1.01993
2.35700 1.01636
2.35889 1.02758
2.36077 1.02029
2.36266 1.03596
2.36454 1.03146
2.36642 1.01664
2.36830 1.04203
2.37017 1.04587
2.37205 1.02576
2.37392 1.03498
2.37579 1.01636
2.37765 1.01870
2.37952 1.02318
2.38138 1.00186
2.38324 1.03905
2.38510 1.02108
2.38695 1.04267
2.38881 1.02817
2.39066 1.03740
2.39251 1.01005
2.39435 1.03570
2.39620 1.02553
2.39804 1.03914
2.39988 1.03909
2.40172 1.03283
2.40356 1.02615
2.40540 1.02856
2.40723 1.03262
2.40906 1.03027
2.41089 1.01751
2.41272 1.02647
2.41455 1.02716
2.41637 1.00541
2.41819 1.03059
2.42002 1.03142
2.42184 1.02089
2.42365 1.01700
2.42547 1.03996
2.42728 1.03573
2.42910 1.03803
2.43091 1.01540
2.43272 1.03548
2.43453 1.02664
2.43634 1.02693
2.43814 1.05290
2.43995 1.02995
2.44175 1.01637
2.44355 1.02754
2.44536 1.03369
2.44716 1.04227
2.44896 1.03760
2.45075 1.01045
2.45255 1.01108
2.45435 1.03365
2.45614 1.04663
2.45794 1.03092
2.45973 1.04007
2.46153 1.04974
2.46332 1.02522
2.46511 1.02783
2.46690 1.05300
2.46870 1.03063
2.47049 1.03468
2.47228 1.05059
2.47407 1.03210
2.47586 1.03230
2.47765 1.02949
2.47944 1.03643
2.48123 1.03025
2.48302 1.04739
2.48481 0.94866
2.48660 0.96993
2.48839 1.04394
2.49018 1.00223
2.49198 1.04546
2.49377 1.02907
2.49556 0.98108
2.49736 1.02885
2.49915 1.00439
2.50095 1.01231
2.50275 1.01277
2.50454 1.05919
2.50634 1.04651
2.50814 0.98880
2.50995 1.04058
2.51175 1.06004
2.51355 1.05006
2.51536 0.92980
2.51717 0.95958
2.51898 0.87383
2.52079 0.94743
2.52261 1.02085
2.52443 1.00766
2.52625 1.04745
2.52807 0.88752
2.52989 0.90936
2.53172 0.97246
2.53355 0.98262
2.53538 1.01839
2.53722 1.00014
2.53906 0.81134
2.53956 1.20011
2.53995 0.94392
2.54033 0.95115
2.54072 1.13834
2.54111 1.10571
2.54149 1.57767
2.54188 1.36270
2.54227 1.14699
2.54265 1.27475
2.54304 1.31193
2.54343 1.55021
2.54381 1.39365
2.54420 2.77710
2.54459 1.01518
2.54497 1.08596
2.54536 0.91646
2.54574 0.51315
2.54613 0.91997
2.54652 0.70742
2.54690 1.10115
2.54729 1.40847
2.54768 2.23899
2.54806 1.48663
2.54845 1.10672
2.54884 1.30713
2.54922 0.57348
2.54961 0.85343
2.55000 1.03682
2.55038 1.34554
2.55077 1.43035
2.55115 1.18194
2.55154 3.07258
2.55193 2.53310
2.55231 1.59937
2.55270 1.79599
2.55309 1.53704
2.55347 1.44808
2.55386 0.57978
2.55425 0.88753
2.55463 0.99232
2.55502 0.96544
2.55540 0.90226
2.55579 0.92296
2.55618 0.91462
2.55656 1.13115
2.55695 1.05383
2.55734 1.03810
2.55772 1.13004
2.55811 1.14703
2.55849 1.25148
2.55888 1.34948
2.55927 1.77652
2.55965 2.12837
2.56004 1.50339
2.56043 3.62277
2.56081 0.93157
2.56120 4.73442
2.56158 -81.47293
2.56197 200.44359
2.56236 108.33897
2.56274 -50.90285
2.56313 34.51711
2.56352 -547.13133
2.56390 1.35579
2.56429 -6.73559
2.56467 3.12230
2.56506 2.39353
2.56545 2.81744
2.56583 1.00628
2.56622 0.82043
2.56660 1.70896
2.56699 1.55387
2.56738 0.99320
2.56776 -0.16583
2.56815 3.96061
2.56853 0.91107
2.56892 -3.28192
2.56931 3.37262
2.56969 -23.40188
2.57008 9.83775
2.57046 1.63222
2.57085 0.81431
2.57124 0.52511
2.57162 3.51211
2.57201 2.00742
2.57240 2.55911
2.57278 7.97085
2.57317 6.06965
2.57355 27.27168
2.57394 104.82345
2.57432 13.94114
2.57471 64.57848
2.57510 -31.61556
2.57548 24.82324
2.57587 -15.96725
2.57625 2.07352
2.57664 2.81110
2.57703 -1.06762
2.57741 8.53470
2.57780 2.00233
2.57818 3.60135
2.57857 2.80908
2.57896 3.79686
2.57934 4.76972
2.57973 2.18359
2.58011 4.68574
2.58050 1.75169
2.58089 -11.34817
2.58127 20.85181
2.58166 -68.75776
2.58204 37.62669
2.58243 18.84816
2.58281 55.87687
2.58320 62.53702
2.58359 -47.59063
2.58397 52.91596
2.58436 -48.24039
2.58474 -46.30455
2.58513 -52.99147
2.58552 -52.88709
2.58590 24.81237
2.58629 -16.53282
2.58667 -7243.22497
2.58706 157.61359
2.58744 381.21200
2.58783 158.91585
2.58822 -3100.61393
2.58860 -0.62070
2.58899 243.36846
2.58937 -325.03241
2.58976 261.90162
2.59014 24.33100
2.59053 0.67844
2.59092 -6.08796
2.59130 2.88065
2.59169 -3.56429
2.59207 14.57136
2.59246 34.25547
2.59284 292.17414
2.59323 -51.56847
2.59362 -162.84734
2.59400 124.46417
2.59439 8.00573
2.59477 -124.62110
2.59516 33.70250
2.59554 -75.51840
2.59593 -18.34718
2.59631 -41.15107
2.59670 -60.95763
2.59709 57.27285
2.59747 47.13260
2.59786 21.91960
2.59824 -1.58160
2.59863 0.86864
2.59901 4.52498
2.59940 1.86499
2.59978 -4.72230
2.60017 7.52377
2.60056 0.27622
2.60094 -38.50094
2.60133 -46.99100
2.60171 65.31768
2.60210 -118.32611
2.60248 2.13912
2.60287 6.93038
2.60325 -20.47383
2.60364 -90.75688
2.60403 -34.97543
2.60441 -10.67970
2.60480 89.34725
2.60518 271.92014
2.60557 73.68942
2.60595 -8.66635
2.60634 -28.50912
2.60672 48.79700
2.60711 136.19385
2.60749 67.91827
2.60788 181.82255
2.60827 41.20307
2.60865 192.32136
2.60904 2.66071
2.60942 -7.21039
2.60981 -19.29045
2.61019 -65.49667
2.61058 -129.19291
2.61096 -23.16484
2.61135 621.90530
2.61173 62.02594
2.61212 2.25442
2.61250 -39.83597
2.61289 67.73092
2.61328 33.57139
2.61366 32.69629
2.61405 12.05948
2.61443 -42.37994
2.61482 31.05698
2.61520 -134.78046
2.61559 -164.99237
2.61597 61.27854
2.61636 -352.56244
2.61674 49.25313
2.61713 29.69292
2.61751 -58.53385
2.61790 -396.40257
2.61828 -26.11718
2.61867 13.16777
2.61905 47.00999
2.61944 -338.46740
2.61982 1197.03562
2.62021 -20.70947
2.62060 174.43840
2.62098 -57.23107
2.62137 349.83964
2.62175 -35.81168
2.62214 -5.83243
2.62252 -5.43553
2.62291 5.32370
2.62329 2.11790
2.62368 -0.34539
2.62406 4.86794
2.62445 8.77558
2.62483 -4.24247
2.62522 1.08989
2.62560 -13.24570
2.62599 5.82517
2.62637 195.81865
2.62676 -70.58742
2.62714 -100.90519
2.62753 164.46348
2.62791 35.52489
2.62830 -11.91770
2.62868 244.10755
2.62907 -95.91027
2.62945 285.44486
2.62984 -35.96447
2.63022 9.35688
2.63061 364.72953
2.63099 -376.91179
2.63138 -65.01822
2.63176 347.32363
2.63215 -116.27629
2.63253 -55.92159
2.63292 -44.26528
2.63330 35.79337
2.63369 -20.97245
2.63407 -506.45626
2.63446 11.87140
2.63484 -3.82820
2.63523 -0.50962
2.63561 0.97537
2.63600 -0.69880
2.63638 0.15893
2.63677 0.56623
2.63715 0.85274
2.63754 1.42333
2.63792 1.33233
2.63831 0.67392
2.63869 1.04297
2.63908 1.77495
2.63946 1.26663
2.63985 2.21235
2.64023 3.55345
2.64062 4.00895
2.64100 2.75051
2.64139 1.02534
2.64177 0.31513
2.64216 -0.04210
2.64254 1.37518
2.64293 1.02276
2.64331 2.69310
2.64370 2.31334
2.64408 0.02123
2.64447 1.88931
2.64485 4.56190
2.64524 10.84753
2.64562 2.92173
2.64601 0.70536
2.64639 3.87275
2.64678 8.50497
2.64716 2.37821
2.64755 0.75396
2.64793 1.16902
2.64832 0.90575
2.64870 0.70077
2.64909 1.57973
2.64947 1.48749
2.64985 1.36351
2.65024 1.28689
2.65062 0.98382
2.65101 3.54351
2.65139 3.44639
2.65178 4.57817
2.65216 -15.55875
2.65255 -1249.65377
2.65293 945.63561
2.65332 -212.57759
2.65370 -72.30738
2.65409 -11.78628
2.65447 66.66003
2.65486 -65.86765
2.65524 -58.85470
2.65563 51.42020
2.65601 53.34770
2.65640 113.18473
2.65678 -11.53447
2.65716 -9.91820
2.65755 58.65673
2.65793 -3.00195
2.65832 28.73993
2.65870 -68.90990
2.65909 -12.99060
2.65947 15.12900
2.65986 618.46274
2.66024 583.10743
2.66063 145.75547
2.66101 73.87230
2.66140 -43449.28632
2.66178 -84.84438
2.66216 -642.06074
2.66255 -135.78766
2.66293 264.48699
2.66332 42.60392
2.66370 19.45524
2.66409 -156.20304
2.66447 19.15429
2.66486 -35.94367
2.66524 451.19536
2.66563 -427.76549
2.66601 -98.20694
2.66640 60.80723
2.66678 -80.18691
2.66716 -96.88178
2.66755 -99.14859
2.66793 -25.80034
2.66832 -0.41941
2.66870 264.97481
2.66909 -113.13994
2.66947 -85.80227
2.66986 -183.43383
2.67024 -152.62799
2.67062 11246.45757
2.67101 56.92472
2.67139 372.63669
2.67178 -47.19748
2.67216 -190.89461
2.67255 14.26368
2.67293 -229.45043
2.67332 41.76798
2.67370 -27.35162
2.67409 338.93488
2.67447 231.95461
2.67485 38.56343
2.67524 4663.28988
2.67562 -207.10715
2.67601 119.03710
2.67639 -63.52156
2.67678 12.96827
2.67716 -52.26944
2.67755 3834.13366
2.67793 230.99972
2.67831 -78.88755
2.67870 38.22079
2.67908 -67.84043
2.67947 163.89233
2.67985 -686.50814
2.68024 32.98274
2.68062 -50.77091
2.68100 429.44280
2.68139 -531.18325
2.68177 -83.57003
2.68216 865.48423
2.68254 115.35234
2.68293 884.52990
2.68331 21.25646
2.68369 73.22894
2.68408 1221.09119
2.68446 173.50423
2.68485 -1225.93549
2.68523 -178.47450
2.68562 127.60729
2.68600 -343.02424
2.68638 2.76657
2.68677 30.38248
2.68715 -4.11414
2.68754 -287.40142
2.68792 543.03214
2.68831 -1359.77515
2.68869 558.21562
2.68907 192.63658
2.68946 124.05145
2.68984 -62.70233
2.69023 285.30167
2.69061 -481.84198
2.69100 -461.90528
2.69138 -609.74462
2.69176 -202.65985
2.69215 141.12084
2.69253 -78.46117
2.69292 85.59397
2.69330 3.60655
2.69369 -44.67154
2.69407 -400.78176
2.69445 979.47729
2.69484 63.94980
2.69522 28.29745
2.69561 -1027.21295
2.69599 -295.15636
2.69637 178.98651
2.69676 -152.65343
2.69714 29.21911
2.69753 1.92985
2.69791 -71.18032
2.69829 295.97936
2.69868 -89.22063
2.69906 199.69123
2.69945 38.73463
2.69983 -159.05721
2.70022 -455.30585
2.70060 23.15077
2.70098 63.60946
2.70137 -1.98173
2.70175 254.77230
2.70214 -120.20483
2.70252 -21.25208
2.70290 94.93181
2.70329 -229.59819
2.70367 42.34556
2.70406 75.40740
2.70444 -1104.87653
2.70482 -1478.40750
2.70521 40.27415
2.70559 3694.27167
2.70598 136.80455
2.70636 620.75363
2.70674 11.22567
2.70713 28.35407
2.70751 0.72458
2.70790 -31644.92372
2.70828 -174.17949
2.70866 136.60882
2.70905 -10.17435
2.70943 275.11989
2.70982 10.31494
2.71020 -409.21828
2.71058 -471.04142
2.71097 142.23371
2.71135 -126.21650
2.71174 -150.70460
2.71212 -129.17041
2.71250 -39.93138
2.71289 -239.15260
2.71327 55.79396
2.71366 -69.98948
2.71404 226.51460
2.71442 -432.73853
2.71481 -58.58542
2.71519 -146.27533
2.71558 -54.44109
2.71596 -106.28838
2.71634 -32.63348
2.71673 47.99658
2.71711 -83.61934
2.71750 93.16707
2.71788 -259.36197
2.71826 27.54540
2.71865 5.08028
2.71903 -18.40932
2.71941 -62.20360
2.71980 -32.40065
2.72018 -17.16893
2.72057 6.68718
2.72095 80.77003
2.72133 -39.75572
2.72172 -323.31361
2.72210 14.65320
2.72249 1021.03206
2.72287 85.03809
2.72325 4.12893
2.72364 -3287.53668
2.72402 88.90504
2.72440 328.88871
2.72479 25.51080
2.72517 2.84683
2.72556 214.61537
2.72594 -27.87960
2.72632 23.21295
2.72671 36.06345
2.72709 -6.21499
2.72747 -4.99852
2.72786 -6.30096
2.72824 6.73171
2.72863 5.69522
2.72901 3.80630
2.72939 2.62444
2.72978 -0.45476
2.73016 -2.22765
2.73054 3.32006
2.73093 0.41394
2.73131 -1.10318
2.73170 6.27465
2.73208 -9.40587
2.73246 -0.73522
2.73285 21.67278
2.73323 1.14742
2.73361 16.92091
2.73400 -5.29353
2.73438 38.81152
2.73477 94.87501
2.73515 -65.10420
2.73553 -104.83345
2.73592 -294.30637
2.73630 15.92921
2.73668 16.89863
2.73707 -42.88743
2.73745 53.08647
2.73783 12.99935
2.73822 -49.27347
2.73860 100.17629
2.73899 76.14336
2.73937 255.69850
2.73975 50.60172
2.74014 -56.76075
2.74052 8.53653
2.74090 -84.61215
2.74129 -648.85072
2.74167 -86.58507
2.74205 47.36697
2.74244 -217.40072
2.74282 911.98601
2.74321 -86.77989
2.74359 -133.88572
2.74397 202.92050
2.74436 -196.11621
2.74474 101.60785
2.74512 136.67249
2.74551 64.33071
2.74589 -305.78358
2.74627 16.38684
2.74666 -223.22609
2.74704 -26.21315
2.74742 9.19529
2.74781 -380.16679
2.74819 -17.74558
2.74858 189.61434
2.74896 59.90186
2.74934 -416.31731
2.74973 2.01954
2.75011 74.00851
2.75049 41.03540
2.75088 423.59403
2.75126 -59.79183
2.75164 229.16101
2.75203 569.32964
2.75241 53.63339
2.75279 35.62201
2.75318 -290.51154
2.75356 40.71708
2.75394 56.90631
2.75433 -376.64255
2.75471 10.05667
2.75509 -14.27989
2.75548 12.82779
2.75586 31.78291
2.75625 -199.27299
2.75663 44.06130
2.75701 75.85863
2.75740 43.53037
2.75778 -20.40822
2.75816 -528.35221
2.75855 -272.12217
2.75893 66.01116
2.75931 74.51690
2.75970 -1849.64139
2.76008 -27.14467
2.76046 65.02927
2.76085 -131.70986
2.76123 63.08703
2.76161 -107.78941
2.76200 119.86755
2.76238 -28.84930
2.76276 140.91839
2.76315 151.54765
2.76353 -69.10540
2.76391 1185.78131
2.76430 -1809.10995
2.76468 -12.84834
2.76506 -33.60687
2.76545 282.55654
2.76583 66.34362
2.76621 -32.60259
2.76660 216.58380
2.76698 -33.93951
2.76736 182.31374
2.76775 187.73901
2.76813 97.28777
2.76851 -123.29553
2.76890 71.74482
2.76928 26.42983
2.76966 45.69972
2.77005 3319.93090
2.77043 -49.19312
2.77081 422.19658
2.77120 -85.72905
2.77158 25.99659
2.77196 6616.86998
2.77235 337.30103
2.77273 273.50915
2.77311 -88.57378
2.77350 -206.45537
2.77388 -1162.54110
2.77426 -82.79973
2.77465 134.62427
2.77503 96.37693
2.77541 -530.30674
2.77580 -168.86267
2.77618 428.15607
2.77656 -13.92032
2.77695 -3722.59931
2.77733 -1.12938
2.77771 -250.19157
2.77810 61.82483
2.77848 -1716.37855
2.77886 -26.65701
2.77925 -622.82743
2.77963 -93.74051
2.78001 549.68780
2.78039 -18.03679
2.78078 -91.38989
2.78116 41.07436
2.78154 -402.84873
2.78193 88.95844
2.78231 288.32036
2.78269 279.60034
2.78308 -16.86416
2.78346 47.79871
2.78384 -228.17324
2.78423 48.78405
2.78461 -249.07934
2.78499 -129.07230
2.78538 171.15026
2.78576 -7.48595
2.78614 137.51559
2.78653 90.75390
2.78691 -80.87919
2.78729 -363.68301
2.78768 210.94327
2.78806 392.03315
2.78844 100.56848
2.78882 13.59466
2.78921 -151.67562
2.78959 -87.42850
2.78997 111.05275
2.79036 9.17698
2.79074 -44.75623
2.79112 -587.39333
2.79151 -785.02869
2.79189 -13.10211
2.79227 -19.51344
2.79266 38.58785
2.79304 34.31759
2.79342 6.15210
2.79381 15.73807
2.79419 -16.81470
2.79457 20.09750
2.79495 -0.80105
2.79534 4.43437
2.79572 6.62618
2.79610 -22.95966
2.79649 40.23748
2.79687 18.09028
2.79725 16.93737
2.79764 0.76626
2.79802 -20.11660
2.79840 -11.42413
2.79879 0.78073
2.79917 8.44404
2.79955 1.65943
2.79993 5.98415
2.80032 7.22531
2.80070 5.40507
2.80108 -14.82587
2.80147 -17.58709
2.80185 -26.76933
2.80223 294.90406
2.80262 13.22445
2.80300 88.70738
2.80338 17.22812
2.80376 17.01506
2.80415 21.43908
2.80453 12.04835
2.80491 124.00270
2.80548 -277.16959
2.80593 125.34449
2.80639 -0.12381
2.80684 14.40298
2.80730 -6.81022
2.80776 -39.58328
2.80821 -137.78004
2.80867 1.31239
2.80912 0.84402
2.80958 -3.59021
2.81004 -2.17564
2.81049 1.95716
2.81095 0.78473
2.81140 0.09034
2.81186 -0.76212
2.81232 0.06186
2.81277 -0.95417
2.81323 -1.05716
2.81368 0.38485
2.81414 1.62365
2.81459 0.05930
2.81505 -8.51428
2.81551 -9.89293
2.81596 0.87942
2.81642 -3.53480
2.81687 -0.58324
2.81733 0.01330
2.81778 -0.68637
2.81824 2.16989
2.81870 0.43726
2.81915 3.27697
2.81961 5.26074
2.82006 5.11462
2.82052 2.97115
2.82097 -10.46439
2.82143 -9.58053
2.82188 3.11705
2.82234 -0.70442
2.82280 -0.65511
2.82325 0.87749
2.82371 1.57499
2.82416 1.34140
2.82462 0.74668
2.82507 1.06279
2.82553 1.41681
2.82598 0.69490
2.82644 0.79346
2.82689 0.67120
2.82735 1.03439
2.82781 1.00343
2.82826 1.48869
2.82872 0.53052
2.82917 0.90766
2.82963 1.22069
2.83008 0.74405
2.83054 0.37336
2.83099 1.06479
2.83145 1.29554
2.83190 1.97220
2.83236 2.46819
2.83281 1.89373
2.83327 5.59430
2.83372 0.37784
2.83418 -0.54479
2.83463 0.15188
2.83509 5.43375
2.83554 1.61204
2.83600 2.21792
2.83645 1.64547
2.83691 2.28950
2.83736 0.01970
2.83782 -2.20328
2.83827 0.12386
2.83873 -2.35658
2.83918 -0.31626
2.83964 -0.37893
2.84009 1.37976
2.84055 0.69620
2.84100 1.42683
2.84146 0.79034
2.84191 0.52860
2.84237 0.38131
2.84282 1.20280
2.84328 1.13687
2.84373 0.96249
2.84419 0.80726
2.84464 0.63716
2.84510 1.51481
2.84555 1.68545
2.84601 1.16485
2.84646 1.55542
2.84692 1.62061
2.84737 1.30962
2.84783 0.21593
2.84828 2.23002
2.84874 0.57397
2.84919 1.44260
2.84965 0.76576
2.85010 0.57112
2.85055 0.77315
2.85101 0.46065
2.85146 0.86849
2.85192 1.99645
2.85237 2.24316
2.85283 1.15441
2.85328 2.28479
2.85374 4.89546
2.85419 -6.21509
2.85465 1.74668
2.85510 -2.98545
2.85556 -0.14727
2.85601 1.86133
2.85646 0.97395
2.85692 0.76949
2.85737 -0.10966
2.85783 0.32133
2.85828 0.90251
2.85874 1.79948
2.85919 1.10959
2.85965 0.67365
2.86010 0.79619
2.86055 1.39750
2.86101 0.63563
2.86146 0.56627
2.86192 0.74637
2.86237 0.91594
2.86283 0.84233
2.86328 1.02897
2.86373 0.97509
2.86419 1.27458
2.86464 1.04954
2.86510 0.73866
2.86555 0.76397
2.86600 1.00085
2.86646 1.58401
2.86691 1.61865
2.86737 0.08604
2.86782 0.87995
2.86828 0.89527
2.86873 0.82850
2.86918 1.34496
2.86964 0.82481
2.87009 1.18803
2.87055 0.74476
2.87100 1.25856
2.87145 0.76722
2.87191 1.50348
2.87236 1.52306
2.87282 0.73983
2.87327 0.79952
2.87372 0.71950
2.87418 0.90419
2.87463 0.96022
2.87509 1.03852
2.87554 0.99952
2.87599 1.47156
2.87645 1.09343
2.87690 0.85201
2.87736 1.01157
2.87781 1.07324
2.87826 1.00098
2.87872 1.09066
2.87917 0.47367
2.87963 0.79200
2.88008 0.96583
2.88053 1.06792
2.88099 0.84621
2.88144 0.80425
2.88189 0.57564
2.88235 1.14343
2.88280 1.03574
2.88326 1.09659
2.88371 0.85434
2.88416 1.02192
2.88462 0.50503
2.88507 0.53805
2.88552 0.61892
2.88598 0.95962
2.88643 0.99654
2.88688 1.14912
2.88734 1.41492
2.88779 1.22157
2.88824 1.13230
2.88870 1.34812
2.88915 0.90255
2.88961 0.66151
2.89006 0.97650
2.89051 0.96822
2.89097 1.02962
2.89142 1.12489
2.89187 0.98654
2.89233 1.15237
2.89278 0.85282
2.89323 0.64548
2.89369 0.92070
2.89414 0.84996
2.89459 0.87860
2.89505 1.37649
2.89550 1.08708
2.89595 0.86736
2.89641 1.14577
2.89686 0.89424
2.89731 0.93557
2.89777 0.90787
2.89822 0.96952
2.89867 1.13498
2.89913 1.25736
2.89958 1.13676
2.90003 1.58097
2.90049 2.61821
2.90094 0.41505
2.90139 0.28978
2.90185 0.86692
2.90230 0.53608
2.90275 0.69481
2.90321 1.24014
2.90366 1.27253
2.90411 1.35584
2.90457 1.85593
2.90502 1.03483
2.90547 0.60754
2.90592 0.53502
2.90638 1.04391
2.90683 1.03002
2.90728 0.96024
2.90774 1.22993
2.90819 0.88767
2.90864 0.94566
2.90910 0.84519
2.90955 1.25317
2.91000 1.13356
2.91045 1.08278
2.91091 1.20296
2.91136 1.11878
2.91181 1.09162
2.91227 1.17616
2.91272 1.34583
2.91317 1.35465
2.91362 0.87909
2.91408 1.02839
2.91453 0.99864
2.91498 1.20974
2.91544 1.10320
2.91589 1.08006
2.91634 1.04155
2.91679 1.08035
2.91725 1.27596
2.91770 0.83308
2.91815 1.06070
2.91861 1.22922
2.91906 1.04672
2.91951 0.84683
2.91996 1.15870
2.92042 1.43830
2.92087 1.09244
2.92132 1.19207
2.92177 1.10273
2.92223 1.77659
2.92268 1.38389
2.92313 1.54482
2.92359 1.02387
2.92404 1.06602
2.92449 0.82430
2.92494 0.81695
2.92540 0.59912
2.92585 0.91460
2.92630 0.70200
2.92675 0.84698
2.92721 1.01886
2.92766 1.06122
2.92811 1.12315
2.92856 1.20957
2.92902 0.90972
2.92947 0.98190
2.92992 1.25533
2.93037 1.33744
2.93083 1.03547
2.93128 0.89480
2.93173 0.96587
2.93218 1.00473
2.93264 1.24193
2.93309 1.15056
2.93354 0.99922
2.93399 0.90013
2.93444 1.07420
2.93490 1.03915
2.93535 1.21235
2.93580 1.08103
2.93625 1.19523
2.93671 1.04887
2.93716 0.93666
2.93761 1.26433
2.93806 0.84641
2.93851 0.95477
2.93897 0.95746
2.93942 0.84747
2.93987 0.67229
2.94032 1.02662
2.94078 0.92253
2.94123 1.01260
2.94168 1.17827
2.94213 1.31799
2.94258 1.60082
2.94304 0.97580
2.94349 1.38871
2.94394 0.73167
2.94439 1.24317
2.94484 0.83558
2.94530 0.99743
2.94575 0.94205
2.94620 1.22989
2.94665 1.11814
2.94711 1.04973
2.94756 0.96397
2.94801 1.17592
2.94846 0.86251
2.94891 0.89987
2.94936 0.90849
2.94982 0.93073
2.95027 0.79668
2.95072 1.02453
2.95117 1.20483
2.95162 1.12816
2.95208 1.06042
2.95253 1.21418
2.95298 1.38683
2.95343 1.36823
2.95388 1.83227
2.95434 1.14590
2.95479 0.84292
2.95524 0.92167
2.95569 0.47990
2.95614 0.68530
2.95659 0.94004
2.95705 0.96246
2.95750 0.67759
2.95795 0.86909
2.95840 0.97955
2.95885 0.91483
2.95931 0.99988
2.95976 0.93467
2.96021 1.16335
2.96066 0.99798
2.96111 0.86960
2.96156 0.95150
2.96202 0.97249
2.96247 1.13283
2.96292 1.05207
2.96337 0.91680
2.96382 0.99791
2.96427 1.14504
2.96473 1.05770
2.96518 1.11527
2.96563 1.06253
2.96608 0.91852
2.96653 1.15392
2.96698 0.98757
2.96743 0.94442
2.96789 0.97697
2.96834 0.63873
2.96879 0.80961
2.96924 0.64238
2.96969 0.80794
2.97014 1.02775
2.97059 1.55827
2.97105 1.54697
2.97150 1.69895
2.97195 0.42975
2.97240 0.52477
2.97285 1.31581
2.97330 0.98010
2.97375 0.97611
2.97421 1.25744
2.97466 0.99249
2.97511 1.33235
2.97556 0.74894
2.97601 1.23384
2.97646 1.38986
2.97691 1.05826
2.97736 0.86809
2.97782 1.54194
2.97827 1.34146
2.97872 1.08764
2.97917 1.30338
2.97962 1.27897
2.98007 0.86004
2.98052 1.08647
2.98097 0.95681
2.98143 1.23691
2.98188 1.42177
2.98233 1.23921
2.98278 1.44167
2.98323 1.18015
2.98368 1.11138
2.98413 1.09288
2.98458 0.98037
2.98504 1.11411
2.98549 1.11046
2.98594 1.12575
2.98639 0.78940
2.98684 0.92561
2.98729 0.80256
2.98774 1.44492
2.98819 1.08670
2.98864 1.04135
2.98909 1.17035
2.98955 0.90977
2.99000 1.08178
2.99045 1.11309
2.99090 1.33456
2.99135 1.36333
2.99180 1.18512
2.99225 0.77322
2.99270 1.23028
2.99315 1.02197
2.99360 1.03924
2.99406 1.19269
2.99451 1.21550
2.99496 1.13568
2.99541 1.16565
2.99586 1.35231
2.99631 1.17030
2.99676 0.83489
2.99721 1.54199
2.99766 0.82442
2.99811 1.18171
2.99856 1.08369
2.99901 1.20980
2.99947 1.27319
2.99992 0.84318
3.00037 1.16662
3.00082 1.04245
3.00127 1.01517
3.00172 1.00801
3.00217 1.03894
3.00262 1.32186
3.00307 0.99653
3.00352 1.17095
3.00397 0.76798
3.00442 1.38748
3.00487 1.08193
3.00532 0.92767
3.00578 0.99688
3.00623 1.12689
3.00668 0.86770
3.00713 0.93161
3.00758 1.05929
3.00803 1.04778
3.00848 1.29498
3.00893 0.79811
3.00938 0.48185
3.00983 1.39375
3.01028 0.75486
3.01073 0.95307
3.01118 0.95259
3.01163 0.85115
3.01208 0.68320
3.01253 0.87045
3.01298 0.98181
3.01343 1.21864
3.01389 0.77110
3.01434 1.03857
3.01479 1.06276
3.01524 0.86565
3.01569 1.07585
3.01614 1.11828
3.01659 0.94624
3.01704 1.04994
3.01749 1.56384
3.01794 1.42595
3.01839 1.16326
3.01884 0.94047
3.01929 1.47549
3.01974 0.85421
3.02019 1.29012
3.02064 0.85044
3.02109 1.13524
3.02154 1.23166
3.02199 1.22293
3.02244 1.42884
3.02289 0.97338
3.02334 1.38004
3.02379 0.98553
3.02424 0.81845
3.02469 1.27219
3.02514 1.08203
3.02559 1.22424
3.02604 1.08088
3.02649 0.81715
3.02694 1.36651
3.02739 0.88643
3.02785 1.34764
3.02830 1.13188
3.02875 1.17859
3.02920 1.04102
3.02965 1.09064
3.03010 1.07736
3.03055 1.04799
3.03100 1.27086
3.03145 1.31616
3.03190 1.38338
3.03235 1.20645
3.03280 1.38489
3.03325 1.13344
3.03370 0.50195
3.03415 1.36796
3.03460 1.14209
3.03505 1.17222
3.03550 1.24647
3.03595 1.73942
3.03640 0.91458
3.03685 1.21088
3.03730 1.67522
3.03775 0.42077
3.03820 0.21307
3.03865 0.96695
3.03910 1.08231
3.03955 0.84868
3.04000 1.62886
3.04045 0.92978
3.04090 0.64390
3.04135 1.07596
3.04180 1.20562
3.04225 0.78248
3.04270 0.84331
3.04315 0.77056
3.04360 0.77646
3.04405 1.34297
3.04450 1.04885
3.04495 0.98925
3.04539 1.31771
3.04584 1.30232
3.04629 1.26369
3.04674 0.99459
3.04719 1.19895
3.04764 0.85927
3.04809 1.11635
3.04854 1.23841
3.04899 1.84441
3.04944 0.75780
3.04989 1.08529
3.05034 1.33935
3.05079 0.74877
3.05124 0.82541
3.05169 0.91845
3.05214 1.27335
3.05259 1.02287
3.05304 1.50721
3.05349 0.54643
3.05394 0.85334
3.05439 2.15979
3.05484 1.26205
3.05529 1.02450
3.05574 0.97015
3.05619 1.22791
3.05664 1.57823
3.05709 0.81618
3.05754 1.48701
3.05799 0.85293
3.05844 1.05499
3.05889 1.06094
3.05933 0.79640
3.05978 1.12222
3.06023 0.87763
3.06068 1.18161
3.06113 1.36260
3.06158 1.18979
3.06203 0.99845
3.06248 0.91025
3.06293 1.05118
3.06338 1.09300
3.06383 0.85695
3.06428 1.15725
3.06473 1.01563
3.06518 1.18423
3.06563 1.06583
3.06608 1.00948
3.06653 1.41462
3.06698 1.16824
3.06743 0.97979
3.06787 1.30348
3.06832 1.17287
3.06877 1.29575
3.06922 1.03128
3.06967 1.63676
3.07012 1.19794
3.07057 1.30704
3.07102 0.90560
3.07147 1.04988
3.07192 1.01855
3.07237 1.35243
3.07282 0.93899
3.07327 1.05610
3.07372 1.48353
3.07417 0.66919
3.07461 1.00580
3.07506 0.86266
3.07551 1.10929
3.07596 0.97066
3.07641 1.06548
3.07686 1.13228
3.07731 1.11583
3.07776 0.91558
3.07821 0.93466
3.07866 1.31166
3.07911 1.41282
3.07956 1.26908
3.08001 0.82918
3.08045 1.39162
3.08090 1.63263
3.08135 0.87126
3.08180 0.86765
3.08225 0.94352
3.08270 0.83113
3.08315 0.84934
3.08360 1.01819
3.08405 1.33641
3.08450 1.13018
3.08495 1.19757
3.08539 1.08623
3.08584 0.59035
3.08629 1.29971
3.08674 1.06420
3.08719 1.18559
3.08764 1.04685
3.08809 0.75784
3.08854 1.03545
3.08899 1.29981
3.08944 1.33515
3.08989 0.83287
3.09033 1.55539
3.09078 1.25808
3.09123 1.05539
3.09168 1.06560
3.09213 1.08507
3.09258 0.84170
3.09303 0.86725
3.09348 1.00621
3.09393 0.63666
3.09437 1.13568
3.09482 0.95977
3.09527 1.07824
3.09572 0.97472
3.09617 1.77591
3.09662 0.87262
3.09707 1.09230
3.09752 1.31309
3.09797 1.39827
3.09841 1.43201
3.09886 0.47440
3.09931 1.45611
3.09976 1.25332
3.10021 1.20260
3.10066 1.15704
3.10111 1.08135
3.10156 0.94210
3.10201 1.19146
3.10245 1.28270
3.10290 1.35287
3.10335 1.66625
3.10380 1.26806
3.10425 2.17643
3.10470 1.40396
3.10515 1.47638
3.10559 1.31738
3.10604 0.41988
3.10649 1.13620
3.10694 0.60198
3.10739 0.85346
3.10784 1.07155
3.10829 1.70946
3.10874 0.87946
3.10918 1.44758
3.10963 1.36411
3.11008 1.50000
3.11053 1.46969
3.11098 0.27902
3.11143 1.19309
3.11188 1.92648
3.11232 0.65006
3.11277 0.84207
3.11322 1.33808
3.11367 1.17597
3.11412 1.21100
3.11457 1.60411
3.11502 1.19547
3.11546 0.97327
3.11591 0.79427
3.11636 0.57535
3.11681 1.03778
3.11726 1.02844
3.11771 1.23373
3.11816 1.22271
3.11860 1.11548
3.11905 0.99686
3.11950 1.13281
3.11995 1.00767
3.12040 1.17095
3.12085 1.16771
3.12130 1.14674
3.12174 1.29746
3.12219 1.17146
3.12264 1.22028
3.12309 0.93467
3.12354 1.15852
3.12399 1.43068
3.12443 0.98871
3.12488 1.47178
3.12533 0.57724
3.12578 0.95395
3.12623 1.25967
3.12668 1.58010
3.12713 1.99134
3.12757 1.53710
3.12802 0.97139
3.12847 0.45574
3.12892 1.06825
3.12937 0.88690
3.12982 1.05109
3.13026 0.96295
3.13071 1.03598
3.13116 1.03820
3.13161 1.11107
3.13206 1.18859
3.13251 1.09586
3.13295 1.17709
3.13340 1.11293
3.13385 1.05644
3.13430 1.19295
3.13475 1.15446
3.13519 1.10582
3.13564 1.26386
3.13609 0.93415
3.13654 1.39372
3.13699 1.02486
3.13744 1.26071
3.13788 0.98969
3.13833 1.92842
3.13878 1.56017
3.13923 0.90160
3.13968 1.93769
3.14013 1.07668
3.14057 0.80951
3.14102 0.91955
3.14147 1.29886
3.14192 0.82647
3.14237 0.94335
3.14281 1.15729
3.14326 0.99053
3.14371 1.30606
3.14416 1.02610
3.14461 0.91891
3.14505 1.09758
3.14550 0.87885
3.14595 0.96326
3.14640 0.50772
3.14685 0.90657
3.14730 1.50294
3.14774 0.58163
3.14819 1.52097
3.14864 1.40245
3.14909 1.38920
3.14954 1.18319
3.14998 1.18605
3.15043 1.15721
3.15088 1.08632
3.15133 1.26323
3.15178 1.29348
3.15222 1.35842
3.15267 1.25498
3.15312 1.16141
3.15357 1.16660
3.15402 1.51340
3.15446 1.20861
3.15491 1.19244
3.15536 1.25375
3.15581 1.39376
3.15626 1.28509
3.15670 1.11180
3.15715 1.44140
3.15760 1.15098
3.15805 1.14429
3.15850 0.99069
3.15894 1.16381
3.15939 1.16750
3.15984 1.08139
3.16029 1.15039
3.16073 1.13228
3.16118 1.07053
3.16163 1.06242
3.16208 1.14317
3.16253 1.09930
3.16297 1.13524
3.16342 1.13559
3.16387 1.17036
3.16432 1.26256
3.16477 1.30920
3.16521 1.44795
3.16566 1.24787
3.16611 1.35532
3.16656 1.32440
3.16700 1.19855
3.16745 1.32954
3.16790 1.43445
3.16835 1.26315
3.16880 0.81192
3.16924 1.02002
3.16969 1.24141
3.17014 1.21347
3.17059 1.49424
3.17103 1.29930
3.17148 1.09844
3.17193 1.36348
3.17238 1.17660
3.17283 1.16748
3.17327 1.20879
3.17372 1.22731
3.17417 1.11184
3.17462 1.29189
3.17506 0.92891
3.17551 0.87896
3.17596 1.29106
3.17641 0.92225
3.17685 1.22060
3.17730 1.42188
3.17775 1.05260
3.17820 1.42999
3.17865 1.18386
3.17909 0.90416
3.17954 1.27459
3.17999 1.24669
3.18044 1.01821
3.18088 1.23978
3.18133 1.53294
3.18178 1.09060
3.18223 1.21206
3.18267 1.01143
3.18312 1.08185
3.18357 1.52625
3.18402 1.38566
3.18446 1.05803
3.18491 1.15709
3.18536 1.21138
3.18581 1.07737
3.18625 0.91360
3.18670 1.22472
3.18715 1.28309
3.18760 1.28717
3.18804 1.29719
3.18849 1.29272
3.18894 1.17377
3.18939 1.40620
3.18984 1.17627
3.19028 -1.42250
3.19073 1.35678
3.19118 1.26687
3.19163 1.33675
3.19207 1.30140
3.19252 2.04323
3.19297 1.38267
3.19341 0.44106
3.19386 1.12349
3.19431 0.74545
3.19476 0.92662
3.19520 1.19242
3.19565 1.52748
3.19610 0.95906
3.19655 0.90757
3.19699 1.16259
3.19744 1.66752
3.19789 2.04648
3.19834 2.28090
3.19878 1.79859
3.19923 0.88311
3.19968 1.56580
3.20013 1.29417
3.20057 1.24124
3.20102 1.41981
3.20147 1.45013
3.20192 1.77018
3.20236 1.46067
3.20281 0.42892
3.20326 0.87926
3.20371 -0.17839
3.20415 1.01325
3.20460 1.52665
3.20505 1.04432
3.20549 0.86916
3.20594 1.13427
3.20639 1.08270
3.20684 1.87445
3.20728 0.98060
3.20773 1.89435
3.20818 1.86067
3.20863 1.37464
3.20907 2.00938
3.20952 -0.29269
3.20997 1.97149
3.21042 1.48302
3.21086 2.80282
3.21131 0.65245
3.21176 2.48596
3.21220 1.41169
3.21265 1.98858
3.21310 0.61594
3.21355 0.75859
3.21399 0.72527
3.21444 1.54841
3.21489 1.68322
3.21533 1.16903
3.21578 0.97632
3.21623 1.33852
3.21668 0.99465
3.21712 0.81913
3.21757 0.88445
3.21802 1.13996
3.21847 1.14497
3.21891 1.34459
3.21936 0.99058
3.21981 0.61231
3.22025 1.60978
3.22070 1.07831
3.22115 1.37908
3.22160 1.53809
3.22204 0.55407
3.22249 1.18532
3.22294 2.19440
3.22338 0.61596
3.22383 0.88083
3.22428 2.22176
3.22473 1.40687
3.22517 0.73145
3.22562 1.56826
3.22607 0.69111
3.22651 1.13428
3.22696 1.09070
3.22741 1.28717
3.22785 0.97510
3.22830 1.16851
3.22875 -0.34639
3.22920 1.56744
3.22964 0.57252
3.23009 2.18573
3.23054 1.54215
3.23098 2.48590
3.23143 2.22804
3.23188 1.07121
3.23233 0.82008
3.23277 1.09983
3.23322 0.74577
3.23367 1.44302
3.23411 1.06530
3.23456 1.13808
3.23501 1.22864
3.23545 1.19569
3.23590 1.08999
3.23635 1.20148
3.23680 1.33837
3.23724 1.18881
3.23769 1.39341
3.23814 0.81972
3.23858 2.46778
3.23903 1.66271
3.23948 0.68250
3.23992 1.29413
3.24037 1.55024
3.24082 1.32899
3.24127 1.52956
3.24171 1.46085
3.24216 1.17907
3.24261 1.14603
3.24305 1.15414
3.24350 0.22222
3.24395 1.30394
3.24439 1.23895
3.24484 1.34662
3.24529 1.05124
3.24574 1.45604
3.24618 1.53405
3.24663 2.12986
3.24708 2.37842
3.24752 1.44923
3.24797 1.36251
3.24842 1.21482
3.24886 1.37800
3.24931 0.94081
3.24976 -0.12245
3.25020 -0.52827
3.25065 0.50825
3.25110 1.03124
3.25154 0.82060
3.25199 0.94944
3.25244 1.16957
3.25289 1.14527
3.25333 1.07410
3.25378 1.08618
3.25423 1.11496
3.25467 1.04389
3.25512 1.20377
3.25557 0.82190
3.25601 1.30303
3.25646 1.00205
3.25691 1.24221
3.25735 1.23304
3.25780 1.12678
3.25825 -0.89938
3.25869 -0.08392
3.25914 2.33585
3.25959 1.90466
3.26003 0.99806
3.26048 1.71304
3.26093 1.45257
3.26138 1.22709
3.26182 -0.49805
3.26227 0.57788
3.26272 1.71126
3.26316 1.11879
3.26361 1.11780
3.26406 1.85781
3.26450 1.73852
3.26495 0.75850
3.26540 0.75361
3.26584 1.25340
3.26629 1.50357
3.26674 0.63944
3.26718 1.16779
3.26763 1.04276
3.26808 0.86232
3.26852 1.78756
3.26897 1.88829
3.26942 1.48187
3.26986 0.85278
3.27031 0.74427
3.27076 2.18751
3.27120 1.34161
3.27165 0.95549
3.27210 0.76840
3.27254 1.26294
3.27299 1.19705
3.27344 0.73941
3.27388 1.11811
3.27433 1.05673
3.27478 1.25580
3.27522 1.66120
3.27567 1.54561
3.27612 1.47848
3.27656 1.11046
3.27701 1.06480
3.27746 1.34324
3.27790 0.93644
3.27835 1.10184
3.27880 0.94818
3.27924 0.56996
3.27969 2.80638
3.28014 1.84864
3.28058 1.34843
3.28103 1.81167
3.28148 1.27453
3.28192 1.06529
3.28237 1.11631
3.28282 1.08433
3.28326 1.43050
3.28371 1.34023
3.28416 0.91896
3.28460 1.49183
3.28505 1.10363
3.28550 1.12624
3.28594 1.33822
3.28639 1.43492
3.28684 1.35050
3.28728 1.25909
3.28773 1.28953
3.28818 1.28790
3.28862 1.28395
3.28907 1.32332
3.28952 1.36711
3.28996 1.34672
3.29041 1.17386
3.29085 1.71184
3.29130 1.33371
3.29175 1.73848
3.29219 0.94964
3.29264 1.68757
3.29309 1.59400
3.29353 0.87370
3.29398 -0.24414
3.29443 1.62990
3.29487 1.41527
3.29532 0.97135
3.29577 1.29342
3.29621 1.46982
3.29666 1.17940
3.29711 1.23980
3.29755 1.67281
3.29800 2.36050
3.29845 1.35461
3.29889 0.54970
3.29934 1.17645
3.29979 0.91673
3.30023 1.18394
3.30068 1.22025
3.30112 0.53874
3.30157 1.23545
3.30202 1.17508
3.30246 1.26715
3.30291 1.11501
3.30336 1.38794
3.30380 1.23977
3.30425 1.41194
3.30470 1.99542
3.30514 1.93544
3.30559 2.07728
3.30604 1.16792
3.30648 1.17008
3.30693 0.94217
3.30738 1.69425
3.30782 1.51276
3.30827 1.99513
3.30872 1.85235
3.30916 1.04538
3.30961 0.96785
3.31005 1.31420
3.31050 1.30057
3.31095 1.24223
3.31139 -0.03317
3.31184 3.41952
3.31229 0.95666
3.31273 5.71787
3.31318 4.16848
3.31363 -8.23286
3.31407 14.60146
3.31452 57.07099
3.31497 10.87043
3.31541 -18.32992
3.31586 -10.42523
3.31630 5.14017
3.31675 10.62328
3.31720 0.69098
3.31764 4.21995
3.31809 0.45096
3.31854 0.13059
3.31898 -0.87931
3.31943 2.44634
3.31988 1.86886
3.32032 0.32310
3.32077 -0.23082
3.32121 2.08356
3.32166 0.93889
3.32211 1.66825
3.32255 0.17299
3.32300 0.98473
3.32345 1.24022
3.32389 0.89948
3.32434 1.14416
3.32479 1.18280
3.32523 1.69135
3.32568 1.21623
3.32612 1.28301
3.32657 1.20636
3.32702 1.61517
3.32746 1.46487
3.32791 1.53445
3.32836 1.07597
3.32880 1.52695
3.32925 0.59100
3.32970 1.59607
3.33014 1.38186
3.33059 1.04684
3.33103 1.43990
3.33148 1.13079
3.33193 1.23531
3.33237 1.17349
3.33282 1.29448
3.33327 1.22081
3.33371 1.02645
3.33416 1.08083
3.33461 0.74982
3.33505 1.52662
3.33550 1.32366
3.33594 1.54379
3.33639 1.32652
3.33684 1.32622
3.33728 1.33384
3.33773 1.35003
3.33818 1.15755
3.33862 1.19506
3.33907 1.18226
3.33951 1.40591
3.33996 1.62721
3.34041 1.12474
3.34085 2.04313
3.34130 1.64083
3.34175 2.00003
3.34219 1.50814
3.34264 1.15050
3.34308 1.14324
3.34353 1.43949
3.34398 2.30520
3.34442 0.54324
3.34487 1.47251
3.34532 1.32580
3.34576 0.84013
3.34621 1.55083
3.34666 1.85318
3.34710 1.42677
3.34755 1.88696
3.34799 1.24992
3.34844 1.29322
3.34889 1.38632
3.34933 1.18665
3.34978 1.66010
3.35023 1.91725
3.35067 1.47343
3.35112 1.71772
3.35156 1.38328
3.35201 1.45358
3.35246 0.95917
3.35290 1.63731
3.35335 1.70348
3.35380 1.43842
3.35424 1.58441
3.35469 0.86559
3.35513 4.09848
3.35558 1.38451
3.35603 0.57523
3.35647 0.90181
3.35692 1.86489
3.35737 0.62021
3.35781 1.57859
3.35826 0.89509
3.35870 1.41585
3.35915 1.26792
3.35960 1.82847
3.36004 1.30272
3.36049 1.46993
3.36094 0.96759
3.36138 1.90341
3.36183 1.62249
3.36227 1.67762
3.36272 1.60997
3.36317 1.33404
3.36361 1.64373
3.36406 1.54503
3.36450 1.47200
3.36495 1.22741
3.36572 1.47843
3.36627 1.70854
3.36682 1.40621
3.36738 1.14875
3.36793 1.64808
3.36848 1.35625
3.36903 1.36640
3.36958 1.47062
3.37014 1.11291
3.37069 1.29958
3.37124 1.72036
3.37179 1.47132
3.37235 1.29148
3.37290 1.41441
3.37345 1.75738
3.37400 1.34305
3.37455 1.41724
3.37510 1.32576
3.37566 1.49346
3.37621 1.37303
3.37676 1.31547
3.37731 1.45134
3.37786 1.53994
3.37842 2.17513
3.37897 1.69100
3.37952 1.89278
3.38007 0.92552
3.38062 0.99370
3.38117 0.88277
3.38173 0.68799
3.38228 0.96927
3.38283 1.09598
3.38338 1.48282
3.38393 1.17250
3.38448 1.42137
3.38503 1.92144
3.38559 1.34000
3.38614 1.56050
3.38669 1.37128
3.38724 1.14224
3.38779 1.32319
3.38834 1.58132
3.38889 1.75371
3.38944 1.36469
3.39000 2.33999
3.39055 1.25120
3.39110 1.35466
3.39165 0.86576
3.39220 1.97218
3.39275 1.70672
3.39330 1.17409
3.39385 1.48809
3.39440 1.54519
3.39495 1.46684
3.39550 1.54578
3.39606 1.24340
3.39661 1.33996
3.39716 1.74897
3.39771 1.39981
3.39826 1.33150
3.39881 1.25879
3.39936 1.40946
3.39991 1.53175
3.40046 1.52030
3.40101 1.36080
3.40156 1.66705
3.40211 1.82536
3.40266 0.76121
3.40321 0.78249
3.40376 1.63103
3.40431 2.34570
3.40487 0.96745
3.40542 1.00164
3.40597 1.26559
3.40652 1.32912
3.40707 1.64076
3.40762 1.42082
3.40817 1.58455
3.40872 1.87181
3.40927 1.25322
3.40982 1.54093
3.41037 1.55440
3.41092 1.91013
3.41147 1.40330
3.41202 1.50191
3.41257 1.57334
3.41312 1.76906
3.41367 1.60192
3.41422 1.66441
3.41477 1.14987
3.41532 1.20753
3.41587 0.95198
3.41642 1.70392
3.41697 1.75019
3.41752 1.40167
3.41807 1.50058
3.41862 1.36960
3.41917 1.19220
3.41972 1.37928
3.42027 1.46916
3.42082 1.48016
3.42137 1.20793
3.42191 1.56176
3.42246 1.69141
3.42301 1.64452
3.42356 1.60493
3.42411 1.76385
3.42466 1.41642
3.42521 1.81176
3.42576 1.99470
3.42631 2.15140
3.42686 0.91553
3.42741 0.71168
3.42796 1.56909
3.42851 1.10081
3.42906 1.10417
3.42961 2.01829
3.43016 1.74406
3.43070 1.36989
3.43125 1.30830
3.43180 1.30093
3.43235 1.38945
3.43290 1.58141
3.43345 1.33040
3.43400 1.47623
3.43455 1.57231
3.43510 1.70119
3.43565 1.74397
3.43620 1.45115
3.43674 1.72274
3.43729 1.45500
3.43784 1.60094
3.43839 1.27186
3.43894 1.61835
3.43949 1.19782
3.44004 0.75256
3.44059 1.53366
3.44113 1.68149
3.44168 1.44104
3.44223 0.91312
3.44278 1.33166
3.44333 1.31673
3.44388 1.36788
3.44443 1.47683
3.44497 1.41817
3.44552 1.38124
3.44607 1.24532
3.44662 1.68417
3.44717 1.74357
3.44772 1.69564
3.44826 1.43440
3.44881 1.78662
3.44936 1.60497
3.44991 1.65641
3.45046 1.48566
3.45101 2.05547
3.45155 1.35877
3.45210 1.70453
3.45265 2.09205
3.45320 1.80312
3.45375 1.59676
3.45430 1.86110
3.45484 1.40874
3.45539 1.30452
3.45594 2.10001
3.45649 1.61594
3.45704 1.59477
3.45758 1.57139
3.45813 1.69919
3.45868 1.60750
3.45923 1.65452
3.45978 1.58987
3.46032 1.47442
3.46087 1.71199
3.46142 1.01651
3.46197 1.60896
3.46251 1.54933
3.46306 1.44852
3.46361 1.27110
3.46416 1.70616
3.46470 1.28911
3.46525 1.53722
3.46580 1.06189
3.46635 1.35335
3.46689 1.97318
3.46744 1.97782
3.46799 1.51630
3.46854 1.81056
3.46908 1.77990
3.46963 1.91865
3.47018 1.62321
3.47073 1.21556
3.47127 1.64132
3.47182 1.46987
3.47237 1.65734
3.47292 1.67066
3.47346 1.67690
3.47401 1.53517
3.47456 1.85365
3.47511 1.74523
3.47565 1.60188
3.47620 1.90408
3.47675 1.91365
3.47729 1.81386
3.47784 1.56061
3.47839 1.50699
3.47893 1.77211
3.47948 1.44450
3.48003 1.90763
3.48058 1.66850
3.48112 1.95290
3.48167 1.56732
3.48222 1.67822
3.48276 1.91402
3.48331 1.97906
3.48386 1.83587
3.48440 1.67801
3.48495 2.09543
3.48550 1.15632
3.48604 1.79424
3.48659 1.76370
3.48714 1.69177
3.48768 1.71561
3.48823 1.73066
3.48878 2.17625
3.48932 1.92204
3.48987 1.35269
3.49042 1.56735
3.49096 1.73490
3.49151 1.80134
3.49206 1.51828
3.49260 1.93053
3.49315 1.68882
3.49370 2.24765
3.49424 1.79456
3.49479 1.92774
3.49533 1.60623
3.49588 1.47519
3.49643 1.16969
3.49697 1.84597
3.49752 1.82010
3.49807 1.93888
3.49861 1.85359
3.49916 1.21604
3.49970 1.92073
3.50025 2.28756
3.50080 1.95002
3.50134 1.97712
3.50189 1.85606
3.50243 1.35518
3.50298 2.07080
3.50353 1.79186
3.50407 1.83500
3.50462 2.04722
3.50516 1.85373
3.50571 1.23634
3.50626 1.50037
3.50680 1.81113
3.50735 2.03473
3.50789 1.84464
3.50844 1.67392
3.50899 1.56583
3.50953 1.84660
3.51008 1.79257
3.51062 1.90954
3.51117 1.72247
3.51171 1.80234
3.51226 1.54426
3.51280 2.13483
3.51335 1.75946
3.51390 1.81412
3.51444 1.70403
3.51499 2.24837
3.51553 1.58511
3.51608 1.46474
3.51662 1.64544
3.51717 1.84630
3.51771 1.86008
3.51826 1.45736
3.51880 1.84866
3.51935 1.46603
3.51990 1.28977
3.52044 1.64551
3.52099 1.27785
3.52153 1.25487
3.52208 1.69417
3.52262 1.80800
3.52317 1.69330
3.52371 2.07127
3.52426 1.92987
3.52480 1.54346
3.52535 1.59559
3.52589 1.81517
3.52644 2.38820
3.52698 1.36568
3.52753 2.25777
3.52807 1.92467
3.52862 1.81402
3.52916 1.51506
3.52971 2.01592
3.53025 1.81322
3.53080 1.67557
3.53134 1.80357
3.53189 1.83433
3.53243 2.04190
3.53298 1.89057
3.53352 1.45892
3.53407 1.72637
3.53461 1.84727
3.53516 2.13163
3.53570 1.92659
3.53625 1.80370
3.53679 1.43733
3.53733 1.95569
3.53788 1.99512
3.53842 2.03767
3.53897 2.02724
3.53951 1.78798
3.54006 1.28354
3.54060 1.43225
3.54115 1.98571
3.54169 1.99241
3.54224 1.84181
3.54278 2.31823
3.54332 1.44362
3.54387 1.29156
3.54441 1.65975
3.54496 2.06690
3.54550 1.77751
3.54605 2.26578
3.54659 2.23361
3.54713 1.75640
3.54768 1.84858
3.54822 1.89028
3.54877 1.40982
3.54931 1.50808
3.54986 2.13306
3.55040 2.02175
3.55094 1.72093
3.55149 1.86760
3.55203 2.09149
3.55258 2.19783
3.55312 2.56589
3.55366 2.11773
3.55421 1.82128
3.55475 1.67781
3.55530 1.26040
3.55584 2.17528
3.55638 2.15294
3.55693 2.18141
3.55747 1.85626
3.55802 2.29449
3.55856 1.62147
3.55910 1.98566
3.55965 1.66427
3.56019 2.00930
3.56074 1.77110
3.56128 2.32870
3.56182 2.12561
3.56237 1.87050
3.56291 2.13010
3.56345 1.72259
3.56400 1.94854
3.56454 1.80041
3.56508 2.01421
3.56563 2.07355
3.56617 2.29509
3.56672 2.32786
3.56726 2.03125
3.56780 1.97115
3.56835 1.99671
3.56889 2.12278
3.56943 1.86645
3.56998 1.71843
3.57052 2.14840
3.57106 2.00301
3.57161 2.42325
3.57215 2.28558
3.57269 2.29213
3.57324 2.17248
3.57378 1.93318
3.57432 2.17995
3.57487 1.64735
3.57541 1.89981
3.57595 2.08320
3.57650 1.98476
3.57704 2.05992
3.57758 2.02393
3.57813 2.05689
3.57867 1.46752
3.57921 1.65537
3.57975 1.77889
3.58030 1.97076
3.58084 2.08040
3.58138 2.16957
3.58193 2.45003
3.58247 2.44145
3.58301 1.94130
3.58356 1.97632
3.58410 2.35501
3.58464 2.08773
3.58518 1.79124
3.58573 2.00965
3.58627 2.12533
3.58681 2.02945
3.58736 2.23420
3.58790 1.54101
3.58844 2.10118
3.58898 2.03517
3.58953 2.48769
3.59007 1.87946
3.59061 2.10298
3.59116 2.21749
3.59170 2.50729
3.59224 1.81702
3.59278 2.14140
3.59333 1.69400
3.59387 1.88224
3.59441 2.17066
3.59495 1.75661
3.59550 2.35226
3.59604 1.52075
3.59658 1.95701
3.59712 2.09849
3.59767 2.43842
3.59821 2.18124
3.59875 2.20193
3.59929 2.07968
3.59984 2.03238
3.60038 2.16077
3.60092 2.17206
3.60146 2.49535
3.60201 2.49924
3.60255 1.52861
3.60309 1.88972
3.60363 1.73346
3.60417 1.89346
3.60472 2.01515
3.60526 2.10668
3.60580 2.15810
3.60634 1.57200
3.60689 2.12956
3.60743 2.38643
3.60797 2.24254
3.60851 2.02191
3.60905 2.34644
3.60960 1.77451
3.61014 2.18700
3.61068 2.44833
3.61122 1.99471
3.61176 2.57035
3.61231 2.15285
3.61285 2.08691
3.61339 2.29899
3.61393 2.54547
3.61447 2.71262
3.61502 1.94563
3.61556 2.28089
3.61610 2.44356
3.61664 2.29271
3.61718 2.46128
3.61772 2.28369
3.61827 1.74829
3.61881 2.27821
3.61935 2.29971
3.61989 2.01996
3.62043 1.61956
3.62098 2.37607
3.62152 2.05167
3.62206 2.22206
3.62260 1.81325
3.62314 2.34790
3.62368 2.44959
3.62423 2.37527
3.62477 2.06230
3.62531 2.00664
3.62585 1.85173
3.62639 2.23479
3.62693 1.90023
3.62747 2.93217
3.62802 2.29066
3.62856 2.05078
3.62910 2.34386
3.62964 1.97779
3.63018 2.24195
3.63072 2.10373
3.63126 2.31244
3.63181 2.47945
3.63235 2.36374
3.63289 2.42136
3.63343 1.92160
3.63397 2.68048
3.63451 2.40500
3.63505 2.18394
3.63559 2.00167
3.63614 2.30532
3.63668 1.99878
3.63722 2.53179
3.63776 2.05746
3.63830 1.84326
3.63884 1.84768
3.63938 2.32216
3.63992 2.18518
3.64047 2.12570
3.64101 2.67637
3.64155 2.39540
3.64209 2.05647
3.64263 2.32891
3.64317 2.03230
3.64371 2.47753
3.64425 2.00397
3.64479 2.45651
3.64533 2.17245
3.64588 2.83155
3.64642 1.92300
3.64696 2.04174
3.64750 1.82998
3.64804 2.30415
3.64858 2.19379
3.64912 2.59903
3.64966 1.82792
3.65020 2.24479
3.65074 2.67700
3.65128 2.07619
3.65183 1.95357
3.65237 2.38354
3.65291 2.43209
3.65345 2.07631
3.65399 2.46604
3.65453 2.32628
3.65507 2.47984
3.65561 1.99817
3.65615 2.23004
3.65669 2.25897
3.65723 2.22220
3.65777 2.24705
3.65831 2.32599
3.65885 2.19842
3.65939 2.86697
3.65993 1.97817
3.66047 1.97349
3.66102 2.28497
3.66156 2.29173
3.66210 2.39475
3.66264 2.08042
3.66318 2.64279
3.66372 2.29373
3.66426 3.04417
3.66480 2.22875
3.66534 2.24382
3.66588 2.53117
3.66642 2.24068
3.66696 2.33292
3.66750 2.47467
3.66804 2.70671
3.66858 2.34355
3.66912 1.98224
3.66966 2.37575
3.67020 2.11647
3.67074 2.23881
3.67128 2.53317
3.67182 2.60626
3.67236 2.66031
3.67290 3.11742
3.67344 2.46624
3.67398 2.41918
3.67452 2.23800
3.67506 2.85633
3.67560 2.66067
3.67614 2.74356
3.67668 2.84346
3.67722 2.78667
3.67776 2.83460
3.67830 1.69246
3.67884 3.16432
3.67938 2.30439
3.67992 2.47597
3.68046 2.87517
3.68100 2.55879
3.68154 2.39403
3.68208 2.37712
3.68262 2.44600
3.68316 1.85072
3.68370 3.43010
3.68424 2.63562
3.68478 2.16602
3.68532 2.61822
3.68586 2.63408
3.68640 2.74230
3.68694 2.38540
3.68748 1.99583
3.68802 2.21143
3.68856 3.01395
3.68910 2.51400
3.68964 2.32012
3.69018 2.88316
3.69072 2.28413
3.69126 2.54221
3.69180 2.50199
3.69234 2.52535
3.69288 2.21484
3.69342 2.58004
3.69396 2.33602
3.69450 1.80905
3.69504 2.78166
3.69558 2.10805
3.69612 2.35067
3.69666 2.57445
3.69720 2.07816
3.69773 2.22466
3.69827 2.31009
3.69881 2.58448
3.69935 2.93647
3.69989 2.46220
3.70043 2.75148
3.70097 2.90156
3.70151 2.50663
3.70205 3.03597
3.70259 3.06748
3.70313 2.57339
3.70367 2.22271
3.70421 2.34650
3.70475 3.13153
3.70529 2.82813
3.70583 2.47083
3.70637 2.49477
3.70690 2.89267
3.70744 2.25621
3.70798 3.23084
3.70852 1.88514
3.70906 2.42677
3.70960 2.45277
3.71014 2.19742
3.71068 2.03389
3.71122 2.46856
3.71176 2.25537
3.71230 2.13955
3.71284 2.03381
3.71337 3.06989
3.71391 2.75284
3.71445 2.80003
3.71499 2.50632
3.71553 2.86072
3.71607 2.45614
3.71661 2.84388
3.71715 2.37562
3.71769 2.61256
3.71823 2.82349
3.71877 3.00596
3.71930 2.70328
3.71984 2.46724
3.72038 2.49688
3.72092 2.55059
3.72146 2.80927
3.72200 2.53337
3.72254 2.96108
3.72308 2.25639
3.72362 2.27326
3.72415 2.54364
3.72469 3.16228
3.72523 2.63166
3.72577 2.34488
3.72631 2.08830
3.72685 2.37988
3.72739 2.61540
3.72793 2.25160
3.72846 2.63731
3.72900 3.09695
3.72954 3.07421
3.73008 2.74046
3.73062 2.51868
3.73116 2.65475
3.73170 2.56774
3.73224 3.12477
3.73277 2.70173
3.73331 2.88241
3.73385 2.89947
3.73439 2.42000
3.73493 2.97797
3.73547 2.53744
3.73601 2.83627
3.73654 2.67145
3.73708 3.22075
3.73762 3.04590
3.73816 3.06136
3.73870 3.18599
3.73924 2.47800
3.73978 2.78038
3.74031 2.10115
3.74085 3.23246
3.74139 2.99546
3.74193 2.38089
3.74247 2.67823
3.74301 2.71521
3.74355 2.91542
3.74408 2.51319
3.74462 2.34786
3.74516 2.58871
3.74570 2.49115
3.74624 2.88443
3.74678 2.95332
3.74731 2.64905
3.74785 2.46093
3.74839 2.90954
3.74893 3.01798
3.74947 3.18551
3.75001 2.51804
3.75054 2.68656
3.75108 2.95497
3.75162 3.22060
3.75216 2.34126
3.75270 2.24612
3.75323 2.95256
3.75377 3.05558
3.75431 2.67812
3.75485 2.27058
3.75539 2.60075
3.75593 2.69135
3.75646 2.97467
3.75700 3.38793
3.75754 3.05861
3.75808 3.45046
3.75862 2.51931
3.75915 3.12818
3.75969 3.28237
3.76023 2.98099
3.76077 2.95538
3.76131 2.52125
3.76184 3.21651
3.76238 2.77138
3.76292 2.95845
3.76346 2.71087
3.76400 3.41357
3.76453 2.87182
3.76507 3.08972
3.76561 2.93799
3.76615 3.34655
3.76669 2.60488
3.76722 2.64844
3.76776 2.93693
3.76830 2.69558
3.76884 3.20657
3.76938 2.70700
3.76991 2.73586
3.77045 3.00386
3.77099 3.03980
3.77153 3.13397
3.77207 2.60610
3.77260 2.73993
3.77314 2.71747
3.77368 2.83034
3.77422 3.56244
3.77475 3.02606
3.77529 2.67982
3.77583 2.29720
3.77637 2.80559
3.77691 3.12257
3.77744 3.40425
3.77798 3.01256
3.77852 2.08297
3.77906 2.78615
3.77959 2.86611
3.78013 2.56533
3.78067 3.55668
3.78121 3.55417
3.78174 2.87918
3.78228 2.68070
3.78282 2.79141
3.78336 3.27496
3.78389 2.82208
3.78443 3.00605
3.78497 2.66439
3.78551 2.70134
3.78605 2.77690
3.78658 3.10197
3.78712 2.88434
3.78766 3.18579
3.78820 2.84786
3.78873 3.30231
3.78927 2.86302
3.78981 2.94101
3.79035 3.20235
3.79088 2.44129
3.79142 2.75745
3.79196 2.89052
3.79250 2.92007
3.79303 3.18422
3.79357 3.55474
3.79411 3.02264
3.79465 3.19859
3.79518 3.36557
3.79572 2.94725
3.79626 3.36314
3.79679 2.92379
3.79733 2.89480
3.79787 3.28640
3.79841 3.69303
3.79894 3.57912
3.79948 3.13396
3.80002 2.62827
3.80056 3.58398
3.80109 2.92076
3.80163 2.93628
3.80217 2.82862
3.80271 3.26589
3.80324 2.90421
3.80378 3.33031
3.80432 3.68526
3.80485 3.29844
3.80539 3.49039
3.80593 3.17413
3.80647 2.74813
3.80700 3.33033
3.80754 3.01521
3.80808 3.37050
3.80861 2.95924
3.80915 2.95046
3.80969 3.39629
3.81023 3.22683
3.81076 2.86722
3.81130 3.01302
3.81184 3.14849
3.81237 2.86815
3.81291 3.08387
3.81345 3.07652
3.81399 3.37011
3.81452 2.84683
3.81506 3.43198
3.81560 3.66126
3.81613 3.45994
3.81667 3.33386
3.81721 3.20090
3.81775 2.75791
3.81828 3.53568
3.81882 3.02529
3.81936 3.30909
3.81989 3.11177
3.82043 3.50019
3.82097 3.27837
3.82150 2.87717
3.82204 3.43988
3.82258 3.39887
3.82312 3.47641
3.82365 3.41285
3.82419 3.23865
3.82473 3.46611
3.82526 3.44091
3.82580 3.81610
3.82634 3.32616
3.82687 3.17851
3.82741 3.50650
3.82795 3.53990
3.82848 3.07674
3.82902 3.45543
3.82956 3.72671
3.83009 3.34533
3.83063 3.51134
3.83117 4.23789
3.83171 3.17442
3.83224 3.29905
3.83278 3.40361
3.83332 3.51673
3.83385 3.14408
3.83439 3.16683
3.83493 3.44465
3.83546 3.01149
3.83600 2.73609
3.83654 3.04932
3.83707 3.52392
3.83761 3.39618
3.83815 3.89150
3.83868 3.09101
3.83922 3.77761
3.83976 3.52191
3.84029 3.38738
3.84083 3.17425
3.84137 3.43729
3.84190 3.88515
3.84244 3.61362
3.84298 3.65265
3.84351 3.68869
3.84405 3.74657
3.84459 2.93241
3.84512 4.12597
3.84566 3.65730
3.84620 2.89479
3.84673 3.05772
3.84727 3.47344
3.84781 3.72515
3.84834 3.36333
3.84888 3.73680
3.84942 3.51718
3.84995 3.41112
3.85049 3.65701
3.85103 3.16235
3.85156 3.58913
3.85210 3.73961
3.85264 3.71384
3.85317 3.71658
3.85371 3.41420
3.85424 2.94793
3.85478 3.87465
3.85532 3.66753
3.85585 3.72814
3.85639 3.48746
3.85693 4.11167
3.85746 3.40265
3.85800 3.23437
3.85854 3.71495
3.85907 3.24361
3.85961 3.78632
3.86015 3.34166
3.86068 3.55735
3.86122 4.08246
3.86176 3.28599
3.86229 3.69225
3.86283 3.55558
3.86336 3.60539
3.86390 3.73550
3.86444 4.02445
3.86497 3.59076
3.86551 3.87624
3.86605 3.16171
3.86658 3.59877
3.86712 4.51800
3.86766 3.30132
3.86819 4.58193
3.86873 3.83621
3.86926 3.80732
3.86980 3.33716
3.87034 3.34375
3.87087 4.59975
3.87141 4.35676
3.87195 4.25940
3.87248 4.52858
3.87302 4.02502
3.87355 3.23980
3.87409 4.45695
3.87463 4.36084
3.87516 3.22811
3.87570 3.85284
3.87624 4.50879
3.87677 3.22839
3.87731 3.03070
3.87785 3.54421
3.87838 4.71863
3.87892 4.00145
3.87945 4.11624
3.87999 4.46495
3.88053 4.13213
3.88106 3.27262
3.88160 3.66269
3.88213 3.61811
3.88267 3.99621
3.88321 4.10542
3.88374 4.01673
3.88428 4.16342
3.88482 3.36027
3.88535 3.95015
3.88589 4.64078
3.88642 2.86889
3.88696 3.40035
3.88750 3.95559
3.88803 3.40650
3.88857 4.00875
3.88910 4.20019
3.88964 3.59508
3.89018 3.38139
3.89071 4.22407
3.89125 4.49507
3.89179 4.07499
3.89232 3.68299
3.89286 3.42812
3.89339 4.27704
3.89393 4.26380
3.89447 4.18944
3.89500 4.22543
3.89554 4.44985
3.89607 4.49412
3.89661 3.78599
3.89715 3.67832
3.89768 3.53048
3.89822 3.91347
3.89875 3.92266
3.89929 5.00353
3.89983 4.42382
3.90036 4.38386
3.90090 4.32110
3.90143 4.25034
3.90197 3.17106
3.90251 4.47949
3.90304 4.61470
3.90358 3.91496
3.90411 3.90646
3.90465 5.01585
3.90519 3.44731
3.90572 3.68529
3.90626 3.88308
3.90679 4.20166
3.90733 4.05309
3.90787 4.05905
3.90840 3.77150
3.90894 4.74281
3.90947 4.50879
3.91001 4.73876
3.91055 4.90116
3.91108 4.24327
3.91162 3.55531
3.91215 3.62620
3.91269 3.95858
3.91322 4.31922
3.91376 4.65191
3.91430 3.22956
3.91483 3.39315
3.91537 4.19806
3.91590 4.32387
3.91644 3.89191
3.91698 4.43973
3.91751 4.51312
3.91805 4.70316
3.91858 3.46949
3.91912 3.91828
3.91966 4.31099
3.92019 4.57391
3.92073 3.74317
3.92126 3.74193
3.92180 3.71392
3.92233 4.43017
3.92287 4.15779
3.92341 2.84512
3.92394 4.16963
3.92448 4.45288
3.92501 4.21194
3.92555 4.17701
3.92609 4.30370
3.92662 4.71571
3.92716 4.51301
3.92769 4.04284
3.92823 4.73689
3.92876 4.91103
3.92930 4.36484
3.92984 3.90014
3.93037 4.13897
3.93091 4.95984
3.93144 4.24079
3.93198 4.44734
3.93251 3.57150
3.93305 3.82828
3.93359 4.73891
3.93412 3.99223
3.93466 5.36838
3.93519 5.04901
3.93573 4.30738
3.93627 4.41000
3.93680 4.48982
3.93734 4.25167
3.93787 4.71405
3.93841 4.01576
3.93894 5.44168
3.93948 4.27778
3.94002 4.60104
3.94055 4.30663
3.94109 4.88966
3.94162 4.71432
3.94216 3.73281
3.94269 4.80631
3.94323 4.58875
3.94377 4.33739
3.94430 4.24742
3.94484 4.62805
3.94537 4.46869
3.94591 4.22774
3.94644 3.67249
3.94698 4.27122
3.94752 4.29688
3.94805 4.30763
3.94859 5.00669
3.94912 4.40910
3.94966 4.67937
3.95019 4.26993
3.95073 4.31581
3.95127 4.35281
3.95180 3.81170
3.95234 4.68453
3.95287 3.83048
3.95341 5.47443
3.95394 4.41022
3.95448 4.61001
3.95501 4.24836
3.95555 5.33745
3.95609 4.72954
3.95662 5.27030
3.95716 5.52312
3.95769 4.30897
3.95823 4.60293
3.95876 4.67489
3.95930 5.00520
3.95984 4.75041
3.96037 4.19828
3.96091 3.91344
3.96144 5.04752
3.96198 4.43315
3.96251 4.13055
3.96305 4.90998
3.96358 4.73622
3.96412 4.20007
3.96466 4.64455
3.96519 4.22478
3.96573 5.14955
3.96626 4.81885
3.96680 4.74245
3.96733 5.03674
3.96787 3.80678
3.96841 4.93169
3.96894 4.03606
3.96948 5.45792
3.97001 4.27985
3.97055 4.31720
3.97108 4.36988
3.97162 4.62910
3.97215 4.90516
3.97269 5.07902
3.97323 4.57409
3.97376 4.78125
3.97430 5.38523
3.97483 4.97506
3.97537 4.97297
3.97590 4.82879
3.97644 4.43600
3.97697 4.84414
3.97751 5.57240
3.97805 4.89329
3.97858 4.29940
3.97912 4.82021
3.97965 4.55368
3.98019 5.14264
3.98072 5.26337
3.98126 4.54199
3.98180 5.10745
3.98233 4.42567
3.98287 5.44816
3.98340 5.45955
3.98394 4.84916
3.98447 4.55727
3.98501 4.67547
3.98554 6.28868
3.98608 5.93317
3.98662 5.26955
3.98715 5.02182
3.98769 4.64610
3.98822 4.95581
3.98876 5.80242
3.98929 5.82097
3.98983 4.06945
3.99036 5.35180
3.99090 5.98287
3.99144 5.36938
3.99197 5.46058
3.99251 6.00251
3.99304 5.04917
3.99358 5.00533
3.99411 4.88479
3.99465 5.84990
3.99518 5.16332
3.99572 4.76896
3.99626 5.35233
3.99679 5.31267
3.99733 5.03493
3.99786 6.31066
3.99840 5.85637
3.99893 5.22026
3.99947 5.10925
4.00000 5.76656
4.00054 5.06096
4.00108 4.86729
4.00161 5.19154
4.00215 5.88826
4.00268 4.77004
4.00322 6.04192
4.00375 4.76206
4.00429 5.48802
4.00482 5.09629
4.00536 4.80042
4.00590 4.86780
4.00643 4.42910
4.00697 4.73985
4.00750 5.18725
4.00804 4.22182
4.00857 5.60488
4.00911 5.03774
4.00964 5.19833
4.01018 6.29853
4.01072 6.41867
4.01125 5.48011
4.01179 4.75659
4.01232 5.09095
4.01286 5.59295
4.01339 5.99458
4.01393 6.02877
4.01446 6.37135
4.01500 5.14875
4.01553 5.55161
4.01607 6.31962
4.01661 4.96110
4.01714 5.37330
4.01768 6.35887
4.01821 5.37213
4.01875 5.39896
4.01928 4.88896
4.01982 5.18596
4.02035 6.32450
4.02089 6.78157
4.02143 5.89802
4.02196 4.41024
4.02250 4.78812
4.02303 5.29461
4.02357 5.69081
4.02410 5.77653
4.02464 4.57738
4.02517 5.07744
4.02571 5.51574
4.02625 5.97927
4.02678 6.54630
4.02732 4.84265
4.02785 4.23580
4.02839 4.80652
4.02892 5.17595
4.02946 5.64747
4.03000 6.29304
4.03053 6.44221
4.03107 5.35983
4.03160 5.38321
4.03214 6.04751
4.03267 4.66838
4.03321 5.90256
4.03374 5.90831
4.03428 6.88148
4.03481 5.15144
4.03535 5.63264
4.03589 6.10094
4.03642 6.48373
4.03696 5.49580
4.03749 5.59274
4.03803 5.45417
4.03856 6.19112
4.03910 5.25500
4.03964 5.27370
4.04017 5.66129
4.04071 6.84691
4.04124 5.54955
4.04178 5.84309
4.04231 4.35462
4.04285 4.40102
4.04338 5.54145
4.04392 5.30835
4.04446 6.37653
4.04499 6.30151
4.04553 5.76311
4.04606 6.23401
4.04660 7.34914
4.04713 7.89083
4.04767 8.35314
4.04820 5.13482
4.04874 6.75322
4.04928 6.49220
4.04981 6.55303
4.05035 5.96775
4.05088 5.56575
4.05142 6.87572
4.05195 6.61831
4.05249 7.10370
4.05303 5.80079
4.05356 5.77969
4.05410 5.02305
4.05463 6.26873
4.05517 5.46716
4.05570 5.91604
4.05624 4.69496
4.05678 4.94277
4.05731 6.46395
4.05785 4.90655
4.05838 5.53195
4.05892 6.26031
4.05945 5.92320
4.05999 6.42235
4.06052 6.58389
4.06106 6.75067
4.06160 6.76374
4.06213 5.81360
4.06267 5.28510
4.06320 6.09578
4.06374 6.27784
4.06427 6.27982
4.06481 7.22542
4.06535 5.43701
4.06588 5.83986
4.06642 5.60758
4.06695 8.45656
4.06749 6.17456
4.06802 5.94315
4.06856 6.74062
4.06910 6.31609
4.06963 6.32778
4.07017 5.89814
4.07070 6.32982
4.07124 5.21721
4.07177 6.23298
4.07231 6.77945
4.07285 4.86579
4.07338 3.95707
4.07392 6.57553
4.07445 5.66260
4.07499 5.89890
4.07552 5.38775
4.07606 4.42106
4.07660 5.78280
4.07713 7.67894
4.07767 4.54915
4.07820 3.46078
4.07874 3.62218
4.07928 5.80905
4.07981 5.55376
4.08035 5.38324
4.08088 5.38295
4.08142 7.46644
4.08195 5.94218
4.08249 6.75568
4.08303 7.13728
4.08356 6.78678
4.08410 6.74679
4.08463 5.41477
4.08517 6.28640
4.08570 7.05947
4.08624 7.03453
4.08678 5.79774
4.08731 6.14954
4.08785 5.09865
4.08838 7.98358
4.08892 8.14056
4.08946 4.89408
4.08999 6.36382
4.09053 6.12363
4.09106 7.57794
4.09160 7.77516
4.09213 3.29657
4.09267 5.01921
4.09321 6.45938
4.09374 5.46767
4.09428 5.70532
4.09481 5.46723
4.09535 4.39399
4.09589 6.21980
4.09642 8.50441
4.09696 5.20172
4.09749 4.05669
4.09803 5.50769
4.09857 5.36548
4.09910 6.10382
4.09964 4.19683
4.10017 7.36559
4.10071 6.10328
4.10124 6.31840
4.10178 5.29460
4.10232 4.78263
4.10285 4.75382
4.10339 4.62684
4.10392 5.22824
4.10446 6.93748
4.10500 6.63661
4.10553 3.15623
4.10607 4.08724
4.10660 3.86208
4.10714 4.56252
4.10768 3.66790
4.10821 2.51652
4.10875 4.50740
4.10928 4.06674
4.10982 6.59500
4.11036 5.69694
4.11089 5.25338
4.11143 6.34992
4.11196 5.72732
4.11250 4.37467
4.11304 6.05062
4.11357 5.18462
4.11411 4.38253
4.11464 4.42291
4.11518 7.96258
4.11572 4.53559
4.11625 5.52730
4.11679 5.18753
4.11732 4.95037
4.11786 5.09296
4.11840 6.80250
4.11893 5.16803
4.11947 4.02665
4.12000 5.40331
4.12054 4.67682
4.12108 3.71614
4.12161 4.43331
4.12215 5.27486
4.12268 5.23233
4.12322 5.48897
4.12376 5.68076
4.12429 3.88084
4.12483 4.55697
4.12537 5.96534
4.12590 6.21722
4.12644 5.56928
4.12697 6.56640
4.12751 6.40776
4.12805 4.24214
4.12858 5.55337
4.12912 3.72882
4.12965 4.66516
4.13019 4.39816
4.13073 5.58171
4.13126 5.98236
4.13180 5.62813
4.13234 5.06387
4.13287 4.62194
4.13341 4.31825
4.13394 3.52543
4.13448 6.46894
4.13502 3.91342
4.13555 3.52801
4.13609 2.73119
4.13663 3.93206
4.13716 5.57463
4.13770 6.98624
4.13823 6.22194
4.13877 7.27770
4.13931 4.93031
4.13984 3.28714
4.14038 1.75854
4.14092 3.34485
4.14145 2.41468
4.14199 4.06575
4.14253 7.38728
4.14306 3.64016
4.14360 3.58159
4.14413 4.37852
4.14467 1.65649
4.14521 2.90273
4.14574 4.30363
4.14628 2.56145
4.14682 2.52532
4.14735 3.93200
4.14789 4.60492
4.14843 6.04544
4.14896 2.90202
4.14950 1.78007
4.15003 5.62972
4.15057 5.53556
4.15111 3.43679
4.15164 4.86301
4.15218 3.74475
4.15272 2.74188
4.15325 1.80967
4.15379 3.86463
4.15433 3.38085
4.15486 1.88009
4.15540 2.22464
4.15594 3.59650
4.15647 6.66693
4.15701 4.92101
4.15754 3.39908
4.15808 2.56515
4.15862 3.59271
4.15915 4.20031
4.15969 5.17237
4.16023 2.40969
4.16076 1.53904
4.16130 0.48931
4.16184 1.56787
4.16237 1.57251
4.16291 2.98273
4.16345 1.07285
4.16398 1.11835
4.16452 1.99541
4.16506 -0.07359
4.16559 1.26772
4.16613 2.78260
4.16667 6.54259
4.16720 6.95065
4.16774 2.99464
4.16828 1.49641
4.16881 1.40259
4.16935 -3.96135
4.16989 19.73141
4.17042 8.80346
4.17096 -3.41086
4.17150 -10.99207
4.17203 -11.13871
4.17257 1.38943
4.17311 3.51707
4.17364 6.15566
4.17418 3.25757
4.17472 1.15816
4.17525 2.80693
4.17579 0.93516
4.17633 -0.36548
4.17686 0.10474
4.17740 1.63665
4.17794 -0.63440
4.17847 -0.25623
4.17901 -1.39150
4.17955 -1.46326
4.18008 -1.06954
4.18062 1.83367
4.18116 -2.92530
4.18169 -1.94286
4.18223 -3.97920
4.18277 -3.47984
4.18331 -3.78630
4.18384 -1.91248
4.18438 -4.52623
4.18492 -8.05758
4.18545 -7.02258
4.18599 -5.46450
4.18653 -3.79765
4.18706 6.17450
4.18760 -27.57024
4.18814 -30.20965
4.18867 -21.06741
4.18921 268.19584
4.18975 9.81843
4.19029 -21.04760
4.19082 14.95850
4.19136 -1.05640
4.19190 -348.24330
4.19243 2295.44958
4.19297 -242.42580
4.19351 1.49148
4.19404 2.86007
4.19458 31.55116
4.19512 19.78735
4.19565 16.62258
4.19619 -1.12071
4.19673 66.41396
4.19727 -27.64923
4.19780 -394.22224
4.19834 109.16349
4.19888 142.18345
4.19941 44.97612
4.19995 32.14483
4.20049 -10.99368
4.20103 -19.15664
4.20156 2.38340
4.20210 0.82050
4.20264 -109.24102
4.20317 14.13770
4.20371 80.27574
4.20425 14.86868
4.20479 -11.46606
4.20532 15.70003
4.20586 20.45365
4.20640 7.11108
4.20693 -14.70141
4.20747 145.49078
4.20801 -15.17390
4.20855 -4.63002
4.20908 6.70169
4.20962 -7.08587
4.21016 -12.45722
4.21070 32.86301
4.21123 30.61737
4.21177 62.47235
4.21231 -1.96759
4.21284 91.20357
4.21338 -58.25161
4.21392 2.16282
4.21446 29.05863
4.21499 653.95281
4.21553 75.28377
4.21607 -2.87005
4.21661 -10.01866
4.21714 -7.27383
4.21768 -275.85911
4.21822 -20.02126
4.21876 17.32518
4.21929 0.41488
4.21983 -17.58466
4.22037 -1.79199
4.22091 -9.97193
4.22144 -61.35781
4.22198 8.65784
4.22252 -12.76502
4.22306 -281.14727
4.22359 -107.37879
4.22413 29.61447
4.22467 33.99046
4.22521 -12.69849
4.22574 -139.99315
4.22628 -7.54216
4.22682 45.40503
4.22736 4.43976
4.22789 83.69935
4.22843 12.85326
4.22897 13.65952
4.22951 33.89280
4.23004 128.31369
4.23058 5.69252
4.23112 14.05584
4.23166 2226.14045
